========================================
SKELETAL MESH DEBUG INFO
========================================

### SKELETON ###
Bone: root
  OffsetMatrix:
    [6.12323e-17, 0, 1, 0]
    [0, 1, -0, 0]
    [-1, 0, 6.12323e-17, 0]
    [0, 0, 0, 1]
  BindPose (Relative):
    Loc: (0, 0, 0)
    Rot: (-0, -0.707107, 0, 0.707107)
    Scl: (1, 1, 1)
  Bone: pelvis
    OffsetMatrix:
      [-1.60812e-16, 1, -1.05918e-15, 1.01939e-13]
      [0.0633672, -1.04686e-15, -0.99799, 95.5595]
      [-0.99799, -2.27606e-16, -0.0633672, 8.35299]
      [0, 0, 0, 1]
    BindPose (Relative):
      Loc: (0.958968, -3.15544e-32, -0.0228087)
      Rot: (-0.022415, -0.022415, 0.706751, 0.706751)
      Scl: (1, 1, 1)
    Bone: spine_01
      OffsetMatrix:
        [-1.60812e-16, 1, -1.01879e-15, 9.93173e-14]
        [-0.187796, -1.03086e-15, -0.982208, 98.1795]
        [-0.982208, 3.33737e-17, 0.187796, -16.6868]
        [0, 0, 0, 1]
      BindPose (Relative):
        Loc: (6.31089e-32, -0.0367705, -6.70661e-09)
        Rot: (0.125829, 2.92058e-24, -2.30261e-23, 0.992052)
        Scl: (1, 1, 1)
      Bone: spine_02
        OffsetMatrix:
          [-1.60812e-16, 1, -1.02839e-15, 1.02794e-13]
          [-0.128099, -1.04052e-15, -0.991761, 105.791]
          [-0.991761, -2.77515e-17, 0.128099, -10.3128]
          [0, 0, 0, 1]
        BindPose (Relative):
          Loc: (6.31089e-32, -0.0679506, -2.49653e-08)
          Rot: (-0.0302283, 1.20891e-24, 3.99742e-23, 0.999543)
          Scl: (1, 1, 1)
        Bone: spine_03
          OffsetMatrix:
            [-1.60812e-16, 1, -1.05905e-15, 1.08936e-13]
            [0.0625525, -1.04692e-15, -0.998042, 112.931]
            [-0.998042, -2.26744e-16, -0.0625525, 11.3375]
            [0, 0, 0, 1]
          BindPose (Relative):
            Loc: (0, -0.0723823, 1.11586e-08)
            Rot: (-0.0953775, 6.09691e-25, 6.36325e-24, 0.995441)
            Scl: (1, 1, 1)
          Bone: spine_04
            OffsetMatrix:
              [7.73921e-06, 1, 1.28862e-06, -0.000185891]
              [0.164244, -1.03837e-15, -0.98642, 119.66]
              [-0.98642, 7.84576e-06, -0.164244, 23.6932]
              [0, 0, 0, 1]
            BindPose (Relative):
              Loc: (-6.31089e-32, -0.0852389, 3.21469e-09)
              Rot: (-0.0511767, 3.91774e-06, -2.0076e-07, 0.99869)
              Scl: (1, 1, 1)
            Bone: spine_05
              OffsetMatrix:
                [5.45403e-13, 1, 9.00062e-14, -1.29987e-11]
                [0.175963, -7.36888e-15, -0.984397, 138.808]
                [-0.984397, 5.52731e-13, -0.175963, 25.3457]
                [0, 0, 0, 1]
              BindPose (Relative):
                Loc: (-1.86312e-14, -0.194398, 2.37468e-09)
                Rot: (-0.00594616, -3.92281e-06, -2.33261e-08, 0.999982)
                Scl: (1, 1, 1)
              Bone: neck_01
                OffsetMatrix:
                  [5.45847e-13, 1, 9.0317e-14, -1.30619e-11]
                  [-0.238427, 2.17857e-13, -0.97116, 148.024]
                  [-0.97116, 5.08571e-13, 0.238427, -37.9542]
                  [0, 0, 0, 1]
                BindPose (Relative):
                  Loc: (4.36006e-23, -0.118878, 5.91665e-09)
                  Rot: (0.207301, -1.9976e-19, 9.82269e-19, 0.978277)
                  Scl: (1, 1, 1)
                Bone: neck_02
                  OffsetMatrix:
                    [-1.6732e-06, 1, 3.51993e-07, -5.61157e-05]
                    [-0.205865, 2.00171e-13, -0.978581, 154.316]
                    [-0.978581, -1.70982e-06, 0.205865, -32.8196]
                    [0, 0, 0, 1]
                  BindPose (Relative):
                    Loc: (1.40637e-21, -0.0511026, 1.13867e-08)
                    Rot: (-0.0166982, -8.54792e-07, 1.42755e-08, 0.999861)
                    Scl: (1, 0.999999, 0.999999)
                  Bone: head
                    OffsetMatrix:
                      [-1.05021e-12, 1, 2.76433e-08, -4.49411e-06]
                      [-5.18313e-13, 2.76433e-08, -1, 162.575]
                      [-1, -1.05021e-12, 5.18313e-13, 0.663124]
                      [0, 0, 0, 1]
                    BindPose (Relative):
                      Loc: (-3.07575e-14, -0.0491297, -1.79888e-08)
                      Rot: (-0.103488, 8.4889e-07, 7.47259e-08, 0.994631)
                      Scl: (1, 1, 1)
              Bone: clavicle_l
                OffsetMatrix:
                  [-0.00344594, -0.152594, 0.988283, -144.811]
                  [0.0458979, 0.987223, 0.15259, -20.8346]
                  [-0.99894, 0.0458859, 0.00360181, -2.1994]
                  [0, 0, 0, 1]
                BindPose (Relative):
                  Loc: (-0.014279, -0.0551627, 0.0131477)
                  Rot: (0.04129, 0.0832783, -0.75456, 0.649614)
                  Scl: (1, 1, 1)
                Bone: upperarm_l
                  OffsetMatrix:
                    [-0.0563417, -0.816776, 0.574197, -98.1162]
                    [-0.0234138, 0.576034, 0.817091, -106.43]
                    [-0.998137, 0.0325921, -0.0515785, 5.47293]
                    [0, 0, 0, 1]
                  BindPose (Relative):
                    Loc: (4.71632e-08, -0.178095, -8.86314e-09)
                    Rot: (0.0201902, -0.0199479, -0.391731, 0.919642)
                    Scl: (1, 1, 1)
                  Bone: lowerarm_l
                    OffsetMatrix:
                      [0, 0, 0, 0]
                      [0, 0, 0, 0]
                      [0, 0, 0, 0]
                      [0, 0, 0, 0]
                    BindPose (Relative):
                      Loc: (-3.57431e-08, -0.277711, 7.58178e-09)
                      Rot: (0.333633, 1.58081e-08, 1.31781e-07, 0.942703)
                      Scl: (1, 1, 1)
                    Bone: lowerarm_twist_02_l
                      OffsetMatrix:
                        [-0.0573953, -0.794548, 0.604481, -100.735]
                        [-0.617318, 0.5041, 0.60399, -47.4736]
                        [-0.784617, -0.338491, -0.519422, 49.7689]
                        [0, 0, 0, 1]
                      BindPose (Relative):
                        Loc: (-3.51797e-08, -0.0908369, 2.63403e-08)
                        Rot: (-0.0174948, 0.0114776, 0.0148772, 0.99967)
                        Scl: (1, 0.999999, 1)
                    Bone: lowerarm_twist_01_l
                      OffsetMatrix:
                        [-0.0573949, -0.794549, 0.604481, -100.468]
                        [-0.617317, 0.504099, 0.60399, -38.3996]
                        [-0.784618, -0.33849, -0.519421, 50.0897]
                        [0, 0, 0, 1]
                      BindPose (Relative):
                        Loc: (-7.03594e-08, -0.181674, 5.26805e-08)
                        Rot: (-0.0174951, 0.0114776, 0.0148769, 0.99967)
                        Scl: (1, 1, 1)
                    Bone: lowerarm_correctiveRoot_l
                      OffsetMatrix:
                        [-0.0580544, -0.79401, 0.605126, -101.062]
                        [-0.64405, 0.492926, 0.584999, -54.694]
                        [-0.762777, -0.35577, -0.539998, 51.3724]
                        [0, 0, 0, 1]
                      BindPose (Relative):
                        Loc: (-1.56319e-15, -9.23706e-16, 1.42109e-16)
                        Rot: (-0.000178834, 0.0117521, 0.0152098, 0.999815)
                        Scl: (1, 1, 1)
                      Bone: lowerarm_in_l
                        OffsetMatrix:
                          [0.0580544, 0.79401, -0.605126, 97.0726]
                          [-0.64405, 0.492926, 0.584999, -53.9768]
                          [0.762777, 0.35577, 0.539999, -50.6537]
                          [0, 0, 0, 1]
                        BindPose (Relative):
                          Loc: (-0.0398893, -0.00717183, 0.00718807)
                          Rot: (-6.12323e-17, 1, 6.12323e-17, -8.32667e-17)
                          Scl: (1, 1, 0.999999)
                      Bone: lowerarm_out_l
                        OffsetMatrix:
                          [0, 0, 0, 0]
                          [0, 0, 0, 0]
                          [0, 0, 0, 0]
                          [0, 0, 0, 0]
                        BindPose (Relative):
                          Loc: (0.0272125, -0.00583961, 0.00575187)
                          Rot: (6.04266e-13, -1.82909e-14, 1.42386e-14, 1)
                          Scl: (1, 1, 0.999999)
                      Bone: lowerarm_fwd_l
                        OffsetMatrix:
                          [0.762777, 0.35577, 0.539999, -55.0315]
                          [-0.64405, 0.492926, 0.584999, -53.0005]
                          [-0.0580544, -0.79401, 0.605126, -100.623]
                          [0, 0, 0, 1]
                        BindPose (Relative):
                          Loc: (-0.00438897, -0.0169348, -0.0365909)
                          Rot: (-1.96262e-17, 0.707107, 1.96262e-17, 0.707107)
                          Scl: (0.999999, 1, 1)
                      Bone: lowerarm_bck_l
                        OffsetMatrix:
                          [-0.762777, -0.35577, -0.539999, 46.4542]
                          [-0.64405, 0.492926, 0.584999, -54.0317]
                          [0.0580545, 0.79401, -0.605126, 99.8972]
                          [0, 0, 0, 1]
                        BindPose (Relative):
                          Loc: (-0.0116427, -0.00662335, 0.0491828)
                          Rot: (-0, -0.707107, 0, 0.707107)
                          Scl: (0.999999, 1, 1)
                    Bone: hand_l
                      OffsetMatrix:
                        [-0.738822, -0.611366, -0.283504, 12.0113]
                        [-0.62241, 0.457766, 0.634867, -34.6844]
                        [-0.258357, 0.645509, -0.718727, 109.974]
                        [0, 0, 0, 1]
                      BindPose (Relative):
                        Loc: (-9.97971e-08, -0.272511, 7.34801e-08)
                        Rot: (-0.0205609, -0.557587, -0.00167834, 0.829862)
                        Scl: (1, 1, 1)
                      Bone: wrist_inner_l
                        OffsetMatrix:
                          [-0.263552, 0.693621, -0.670396, 105.612]
                          [-0.790865, 0.242555, 0.56187, -35.3092]
                          [0.552333, 0.678275, 0.484635, -26.9673]
                          [0, 0, 0, 1]
                        BindPose (Relative):
                          Loc: (0.000379917, 0.00703589, 0.0165883)
                          Rot: (-0.116103, -0.716319, -0.0807803, 0.683287)
                          Scl: (1, 1, 1)
                      Bone: wrist_outer_l
                        OffsetMatrix:
                          [0.263552, -0.693621, 0.670396, -109.534]
                          [-0.790865, 0.242555, 0.56187, -34.7373]
                          [-0.552333, -0.678275, -0.484635, 27.1318]
                          [0, 0, 0, 1]
                        BindPose (Relative):
                          Loc: (-0.00124134, -0.000196513, -0.022385)
                          Rot: (0.0807803, 0.683287, -0.116103, 0.716319)
                          Scl: (1, 1, 1)
                      Bone: index_metacarpal_l
                        OffsetMatrix:
                          [-0.637573, -0.701256, -0.318969, 11.7298]
                          [-0.71421, 0.382825, 0.58596, -27.9903]
                          [-0.288799, 0.601403, -0.744922, 111.539]
                          [0, 0, 0, 1]
                        BindPose (Relative):
                          Loc: (-0.0237933, -0.0344451, -0.0038468)
                          Rot: (0.00710932, 0.0289659, -0.0637046, 0.997523)
                          Scl: (1, 1, 1)
                        Bone: index_01_l
                          OffsetMatrix:
                            [-0.637572, -0.701257, -0.318969, 11.4889]
                            [-0.541033, 0.112825, 0.833399, -64.5307]
                            [-0.548438, 0.703924, -0.451337, 93.5743]
                            [0, 0, 0, 1]
                          BindPose (Relative):
                            Loc: (0.00240872, -0.058771, 0.000431805)
                            Rot: (-0.202556, 2.23147e-07, -4.89261e-07, 0.979271)
                            Scl: (1, 1, 1)
                          Bone: index_02_l
                            OffsetMatrix:
                              [-0.637573, -0.701256, -0.318968, 11.4889]
                              [-0.381906, -0.0718785, 0.921401, -82.4695]
                              [-0.669065, 0.709276, -0.221986, 74.8947]
                              [0, 0, 0, 1]
                            BindPose (Relative):
                              Loc: (1.13482e-08, -0.0408, -3.16817e-09)
                              Rot: (-0.129597, -2.26819e-07, 3.2548e-07, 0.991567)
                              Scl: (1, 1, 1)
                            Bone: index_03_l
                              OffsetMatrix:
                                [-0.637572, -0.701256, -0.318969, 11.4889]
                                [-0.227831, -0.223884, 0.947612, -94.2073]
                                [-0.735931, 0.676842, -0.0170258, 55.8046]
                                [0, 0, 0, 1]
                              BindPose (Relative):
                                Loc: (-9.95656e-09, -0.02595, -8.62988e-09)
                                Rot: (-0.109009, 2.43146e-07, -2.88267e-07, 0.994041)
                                Scl: (1, 1, 1)
                      Bone: middle_metacarpal_l
                        OffsetMatrix:
                          [-0.755561, -0.561893, -0.336752, 20.436]
                          [-0.630664, 0.484898, 0.605918, -26.8314]
                          [-0.177171, 0.670186, -0.720737, 110.689]
                          [0, 0, 0, 1]
                        BindPose (Relative):
                          Loc: (-0.00182864, -0.0337583, -0.00753571)
                          Rot: (0.0202591, -0.0372911, 0.000385954, 0.999099)
                          Scl: (1, 1, 1)
                        Bone: middle_01_l
                          OffsetMatrix:
                            [-0.755562, -0.561893, -0.336753, 20.4361]
                            [-0.444548, 0.0622255, 0.893591, -75.6185]
                            [-0.481148, 0.824866, -0.296804, 83.4485]
                            [0, 0, 0, 1]
                          BindPose (Relative):
                            Loc: (-1.69363e-08, -0.0609821, 2.3835e-08)
                            Rot: (-0.272051, -2.88505e-07, -6.70841e-08, 0.962283)
                            Scl: (1, 1, 1)
                          Bone: middle_02_l
                            OffsetMatrix:
                              [-0.755562, -0.561893, -0.336752, 20.436]
                              [-0.245042, -0.234319, 0.94077, -95.4627]
                              [-0.60752, 0.793329, 0.039355, 53.044]
                              [0, 0, 0, 1]
                            BindPose (Relative):
                              Loc: (-3.29915e-10, -0.05169, -4.72882e-09)
                              Rot: (-0.180255, -8.40954e-08, 2.26578e-07, 0.98362)
                              Scl: (1, 1, 1)
                            Bone: middle_03_l
                              OffsetMatrix:
                                [-0.755561, -0.561893, -0.336753, 20.4361]
                                [-0.135825, -0.368519, 0.919643, -100.787]
                                [-0.640842, 0.740587, 0.20212, 36.0909]
                                [0, 0, 0, 1]
                              BindPose (Relative):
                                Loc: (-9.27729e-09, -0.02474, -7.36511e-10)
                                Rot: (-0.0871558, 3.11849e-07, -3.49185e-07, 0.996195)
                                Scl: (1, 1, 1)
                      Bone: thumb_01_l
                        OffsetMatrix:
                          [0.370269, -0.903184, 0.217165, -70.9587]
                          [-0.851722, -0.236777, 0.467446, -43.3196]
                          [-0.37077, -0.358045, -0.856933, 78.5349]
                          [0, 0, 0, 1]
                        BindPose (Relative):
                          Loc: (-0.0258154, -0.0199245, 0.0135661)
                          Rot: (0.067039, 0.505193, -0.36913, 0.777193)
                          Scl: (1, 1, 1)
                        Bone: thumb_02_l
                          OffsetMatrix:
                            [0.389625, -0.877508, 0.279593, -76.5283]
                            [-0.648367, -0.045745, 0.759953, -64.3459]
                            [-0.654075, -0.477375, -0.58677, 52.1761]
                            [0, 0, 0, 1]
                          BindPose (Relative):
                            Loc: (-4.2249e-09, -0.04378, -2.22603e-08)
                            Rot: (-0.201856, 0.0335654, 0.0103023, 0.978786)
                            Scl: (1, 1, 1)
                          Bone: thumb_03_l
                            OffsetMatrix:
                              [0.389624, -0.877509, 0.279593, -76.5283]
                              [-0.524937, 0.0378452, 0.8503, -69.3895]
                              [-0.756726, -0.478066, -0.445891, 40.7457]
                              [0, 0, 0, 1]
                            BindPose (Relative):
                              Loc: (6.4347e-09, -0.03086, -9.3875e-09)
                              Rot: (-0.0871557, -9.03502e-08, 7.90461e-09, 0.996195)
                              Scl: (1, 1, 1)
                      Bone: pinky_metacarpal_l
                        OffsetMatrix:
                          [-0.95796, -0.078405, -0.27598, 39.5277]
                          [-0.277141, 0.501659, 0.81947, -53.4956]
                          [0.0741974, 0.861505, -0.502298, 93.8832]
                          [0, 0, 0, 1]
                        BindPose (Relative):
                          Loc: (0.0239111, -0.0331438, -0.00305918)
                          Rot: (-0.0582863, -0.218231, 0.188166, 0.955809)
                          Scl: (1, 1, 1)
                        Bone: pinky_01_l
                          OffsetMatrix:
                            [-0.939053, -0.254866, -0.230697, 25.5092]
                            [-0.297, 0.263541, 0.917789, -70.569]
                            [-0.173115, 0.93037, -0.323175, 84.5245]
                            [0, 0, 0, 1]
                          BindPose (Relative):
                            Loc: (-0.00198841, -0.0495757, -0.00143123)
                            Rot: (-0.128065, 0.0899841, -0.0170159, 0.987529)
                            Scl: (1, 1, 1)
                          Bone: pinky_02_l
                            OffsetMatrix:
                              [-0.939053, -0.254867, -0.230697, 25.5092]
                              [-0.213889, -0.0922013, 0.972497, -92.8844]
                              [-0.269128, 0.962571, 0.0320687, 54.5237]
                              [0, 0, 0, 1]
                            BindPose (Relative):
                              Loc: (-2.23276e-08, -0.03816, 2.31881e-08)
                              Rot: (-0.184698, 2.30442e-07, -1.53357e-07, 0.982795)
                              Scl: (1, 1, 1)
                            Bone: pinky_03_l
                              OffsetMatrix:
                                [-0.939054, -0.254866, -0.230697, 25.5092]
                                [-0.190034, -0.174367, 0.96617, -95.1836]
                                [-0.28647, 0.951125, 0.115307, 46.5364]
                                [0, 0, 0, 1]
                              BindPose (Relative):
                                Loc: (-3.70208e-09, -0.0204, -1.80019e-09)
                                Rot: (-0.042896, -2.73242e-07, 1.17318e-08, 0.99908)
                                Scl: (1, 1, 1)
                      Bone: ring_metacarpal_l
                        OffsetMatrix:
                          [-0.884562, -0.342153, -0.31699, 30.3953]
                          [-0.464834, 0.590605, 0.659633, -29.86]
                          [-0.038479, 0.730834, -0.681471, 107.229]
                          [0, 0, 0, 1]
                        BindPose (Relative):
                          Loc: (0.0109176, -0.033743, -0.00542518)
                          Rot: (0.0256597, -0.116599, 0.100569, 0.987741)
                          Scl: (1, 1, 1)
                        Bone: ring_01_l
                          OffsetMatrix:
                            [-0.850672, -0.442936, -0.283133, 20.9927]
                            [-0.384208, 0.156238, 0.909931, -73.8379]
                            [-0.358805, 0.882834, -0.303086, 84.4134]
                            [0, 0, 0, 1]
                          BindPose (Relative):
                            Loc: (-0.00020689, -0.0564552, -0.000416251)
                            Rot: (-0.25354, 0.054216, -0.0131773, 0.965715)
                            Scl: (1, 1, 1)
                          Bone: ring_02_l
                            OffsetMatrix:
                              [-0.850672, -0.442937, -0.283133, 20.9926]
                              [-0.246752, -0.13914, 0.959037, -92.5554]
                              [-0.464188, 0.885691, 0.00906675, 57.4539]
                              [0, 0, 0, 1]
                            BindPose (Relative):
                              Loc: (2.08865e-08, -0.04977, -9.87185e-09)
                              Rot: (-0.164737, 2.76834e-07, 8.74774e-08, 0.986337)
                              Scl: (1, 1, 1)
                            Bone: ring_03_l
                              OffsetMatrix:
                                [-0.850672, -0.442936, -0.283133, 20.9926]
                                [-0.169641, -0.27848, 0.945342, -98.2912]
                                [-0.497573, 0.852206, 0.161755, 42.3339]
                                [0, 0, 0, 1]
                              BindPose (Relative):
                                Loc: (-1.80274e-09, -0.02265, 9.27729e-09)
                                Rot: (-0.0799208, -1.76615e-07, -1.81794e-07, 0.996801)
                                Scl: (1, 1, 1)
                      Bone: weapon_l
                        OffsetMatrix:
                          [0, 0, 0, 0]
                          [0, 0, 0, 0]
                          [0, 0, 0, 0]
                          [0, 0, 0, 0]
                        BindPose (Relative):
                          Loc: (0.00519517, -0.0116338, 0.0131706)
                          Rot: (-0.0592942, -0.0898117, 0.143877, 0.983726)
                          Scl: (1, 0.999999, 1)
                  Bone: upperarm_twist_01_l
                    OffsetMatrix:
                      [-0.0573954, -0.794548, 0.604481, -101.697]
                      [-0.0269656, 0.606493, 0.794632, -93.3852]
                      [-0.997988, 0.029308, -0.0562354, 6.02677]
                      [0, 0, 0, 1]
                    BindPose (Relative):
                      Loc: (-1.71717e-08, -0.0925704, 6.07166e-09)
                      Rot: (0.00284968, -5.35845e-05, 0.0187902, 0.999819)
                      Scl: (1, 1, 1)
                    Bone: upperarm_twistCor_01_l
                      OffsetMatrix:
                        [0, 0, 0, 0]
                        [0, 0, 0, 0]
                        [0, 0, 0, 0]
                        [0, 0, 0, 0]
                      BindPose (Relative):
                        Loc: (8.52651e-16, 2.84217e-16, 1.77636e-17)
                        Rot: (0.00284973, -5.3567e-05, 0.0187901, 0.999819)
                        Scl: (1, 1, 1)
                  Bone: upperarm_twist_02_l
                    OffsetMatrix:
                      [-0.0563417, -0.816776, 0.574197, -98.1162]
                      [-0.0234138, 0.576034, 0.817091, -87.9162]
                      [-0.998137, 0.0325921, -0.0515785, 5.47293]
                      [0, 0, 0, 1]
                    BindPose (Relative):
                      Loc: (-2.91649e-08, -0.185141, 1.64617e-09)
                      Rot: (-6.93889e-18, -2.60209e-17, -2.77556e-17, 1)
                      Scl: (1, 1, 1)
                    Bone: upperarm_tricep_l
                      OffsetMatrix:
                        [0, 0, 0, 0]
                        [0, 0, 0, 0]
                        [0, 0, 0, 0]
                        [0, 0, 0, 0]
                      BindPose (Relative):
                        Loc: (-0.0020165, -0.00639817, 0.0488059)
                        Rot: (-0.00239134, -0.736975, 0.00808835, 0.675867)
                        Scl: (1, 1, 1)
                    Bone: upperarm_bicep_l
                      OffsetMatrix:
                        [0, 0, 0, 0]
                        [0, 0, 0, 0]
                        [0, 0, 0, 0]
                        [0, 0, 0, 0]
                      BindPose (Relative):
                        Loc: (-0.017918, -0.00679747, -0.0443938)
                        Rot: (-0.00808835, 0.675867, -0.00239134, 0.736975)
                        Scl: (1, 1, 1)
                    Bone: upperarm_twistCor_02_l
                      OffsetMatrix:
                        [0, 0, 0, 0]
                        [0, 0, 0, 0]
                        [0, 0, 0, 0]
                        [0, 0, 0, 0]
                      BindPose (Relative):
                        Loc: (-2.84217e-16, -5.68434e-16, 1.77636e-16)
                        Rot: (0.00854494, -0.000160613, 0.0563431, 0.998375)
                        Scl: (1, 1, 1)
                  Bone: upperarm_correctiveRoot_l
                    OffsetMatrix:
                      [-0.0563417, -0.816776, 0.574197, -98.1162]
                      [-0.0234138, 0.576034, 0.817091, -106.43]
                      [-0.998137, 0.0325921, -0.0515785, 5.47293]
                      [0, 0, 0, 1]
                    BindPose (Relative):
                      Loc: (-1.56319e-15, -2.84217e-16, 1.15463e-16)
                      Rot: (-3.46945e-18, -3.29597e-17, -2.77556e-17, 1)
                      Scl: (1, 1, 1)
                    Bone: upperarm_bck_l
                      OffsetMatrix:
                        [-0.963689, -0.230469, 0.134862, -33.5755]
                        [-0.0234138, 0.576034, 0.817091, -104.963]
                        [-0.265999, 0.784263, -0.560513, 92.6286]
                        [0, 0, 0, 1]
                      BindPose (Relative):
                        Loc: (0.00385938, -0.0146774, 0.0764444)
                        Rot: (7.67277e-18, -0.583106, 2.25898e-17, 0.812396)
                        Scl: (1, 1, 1)
                    Bone: upperarm_fwd_l
                      OffsetMatrix:
                        [0.977436, -0.0246475, -0.20979, 23.093]
                        [0.184338, 0.58449, 0.790184, -100.478]
                        [0.103144, -0.811027, 0.575845, -98.1368]
                        [0, 0, 0, 1]
                      BindPose (Relative):
                        Loc: (-0.0106304, -0.03255, -0.0850916)
                        Rot: (-0.0801009, 0.757051, -0.0676234, 0.644891)
                        Scl: (1, 0.999999, 1)
                    Bone: upperarm_in_l
                      OffsetMatrix:
                        [0.0550106, 0.11509, -0.991831, 136.787]
                        [0.0263897, 0.992821, 0.116669, 2.9128]
                        [0.998137, -0.0325921, 0.0515785, -6.01733]
                        [0, 0, 0, 1]
                      BindPose (Relative):
                        Loc: (-0.0476175, -0.0641014, -0.00544405)
                        Rot: (-0.408284, 0.912855, -3.09604e-08, 1.4385e-09)
                        Scl: (1, 1, 1)
                    Bone: upperarm_out_l
                      OffsetMatrix:
                        [-0.0563417, -0.816776, 0.574197, -103.92]
                        [-0.0234138, 0.576034, 0.817091, -106.21]
                        [-0.998137, 0.0325921, -0.0515785, 5.42119]
                        [0, 0, 0, 1]
                      BindPose (Relative):
                        Loc: (0.0580407, -0.00220351, 0.000517369)
                        Rot: (-3.46945e-18, -3.81639e-17, -5.55112e-17, 1)
                        Scl: (1, 1, 1)
                Bone: clavicle_out_l
                  OffsetMatrix:
                    [-0.00816288, -0.0988557, 0.995068, -151.368]
                    [-0.0287538, 0.994713, 0.0985845, -0.915758]
                    [-0.999553, -0.0278073, -0.0109622, -0.5986]
                    [0, 0, 0, 1]
                  BindPose (Relative):
                    Loc: (0.0628184, -0.118134, -0.00443878)
                    Rot: (0.0374711, -0.00258986, 0.0270612, 0.998928)
                    Scl: (1, 1, 1)
                Bone: clavicle_scap_l
                  OffsetMatrix:
                    [-0.00816288, -0.0988557, 0.995068, -143.261]
                    [0.0287538, -0.994713, -0.0985845, 3.78391]
                    [0.999553, 0.0278073, 0.0109622, 8.48697]
                    [0, 0, 0, 1]
                  BindPose (Relative):
                    Loc: (-0.019931, -0.0998584, 0.0757816)
                    Rot: (0.998928, 0.0270612, 0.00258986, -0.0374711)
                    Scl: (1, 1, 1)
              Bone: clavicle_r
                OffsetMatrix:
                  [0.00344594, -0.152594, -0.988283, 144.811]
                  [-0.0458979, 0.987223, -0.15259, 20.8346]
                  [0.99894, 0.0458859, -0.00360181, 2.19943]
                  [0, 0, 0, 1]
                BindPose (Relative):
                  Loc: (0.0142787, -0.0551622, 0.0131481)
                  Rot: (0.649614, 0.75456, 0.0832783, -0.04129)
                  Scl: (1, 1, 1)
                Bone: upperarm_r
                  OffsetMatrix:
                    [0.0563417, -0.816776, -0.574197, 98.1159]
                    [0.0234138, 0.576034, -0.817091, 106.43]
                    [0.998137, 0.0325921, 0.0515785, -5.47287]
                    [0, 0, 0, 1]
                  BindPose (Relative):
                    Loc: (4.33831e-06, 0.178096, 3.06471e-08)
                    Rot: (0.0201902, -0.0199479, -0.391731, 0.919642)
                    Scl: (1, 1, 1)
                  Bone: lowerarm_r
                    OffsetMatrix:
                      [0, 0, 0, 0]
                      [0, 0, 0, 0]
                      [0, 0, 0, 0]
                      [0, 0, 0, 0]
                    BindPose (Relative):
                      Loc: (3.09768e-08, 0.277707, -3.08547e-09)
                      Rot: (0.333633, 1.58081e-08, 1.31781e-07, 0.942703)
                      Scl: (1, 1, 1)
                    Bone: lowerarm_twist_02_r
                      OffsetMatrix:
                        [0.0573953, -0.794548, -0.604481, 100.734]
                        [0.617318, 0.5041, -0.60399, 47.4737]
                        [0.784617, -0.338491, 0.519422, -49.7689]
                        [0, 0, 0, 1]
                      BindPose (Relative):
                        Loc: (3.54678e-08, 0.0908366, -2.40543e-08)
                        Rot: (-0.0174948, 0.0114776, 0.0148772, 0.99967)
                        Scl: (1, 0.999999, 1)
                    Bone: lowerarm_twist_01_r
                      OffsetMatrix:
                        [0.0573949, -0.794549, -0.604481, 100.468]
                        [0.617317, 0.504099, -0.60399, 38.3997]
                        [0.784618, -0.33849, 0.519421, -50.0897]
                        [0, 0, 0, 1]
                      BindPose (Relative):
                        Loc: (6.63549e-08, 0.181673, -5.15443e-08)
                        Rot: (-0.0174951, 0.0114776, 0.0148769, 0.99967)
                        Scl: (1, 1, 1)
                    Bone: lowerarm_correctiveRoot_r
                      OffsetMatrix:
                        [0, 0, 0, 0]
                        [0, 0, 0, 0]
                        [0, 0, 0, 0]
                        [0, 0, 0, 0]
                      BindPose (Relative):
                        Loc: (-3.02256e-06, 1.97026e-07, 2.40416e-07)
                        Rot: (-0.000178834, 0.0117521, 0.0152098, 0.999815)
                        Scl: (1, 1, 1)
                      Bone: lowerarm_out_r
                        OffsetMatrix:
                          [0, 0, 0, 0]
                          [0, 0, 0, 0]
                          [0, 0, 0, 0]
                          [0, 0, 0, 0]
                        BindPose (Relative):
                          Loc: (-0.0292448, 0.00707087, -0.00617845)
                          Rot: (-8.32667e-17, -2.77556e-17, -2.77556e-17, 1)
                          Scl: (1, 1, 0.999999)
                      Bone: lowerarm_in_r
                        OffsetMatrix:
                          [0, 0, 0, 0]
                          [0, 0, 0, 0]
                          [0, 0, 0, 0]
                          [0, 0, 0, 0]
                        BindPose (Relative):
                          Loc: (0.0382546, 0.00857783, -0.00816873)
                          Rot: (6.12324e-17, 1, -6.12324e-17, 3.97005e-07)
                          Scl: (1, 1, 0.999999)
                      Bone: lowerarm_fwd_r
                        OffsetMatrix:
                          [-0.762777, 0.35577, -0.539999, 54.9601]
                          [0.64405, 0.492926, -0.584999, 52.8813]
                          [0.0580544, -0.79401, -0.605126, 100.835]
                          [0, 0, 0, 1]
                        BindPose (Relative):
                          Loc: (0.00226029, 0.0181274, 0.0358769)
                          Rot: (1.96262e-17, 0.707107, -1.96262e-17, 0.707107)
                          Scl: (0.999999, 1, 1)
                      Bone: lowerarm_bck_r
                        OffsetMatrix:
                          [0.762777, -0.35577, 0.539999, -46.3709]
                          [0.64405, 0.492926, -0.584999, 53.9217]
                          [-0.0580544, 0.79401, 0.605126, -100.076]
                          [0, 0, 0, 1]
                        BindPose (Relative):
                          Loc: (0.00985807, 0.00772331, -0.0500158)
                          Rot: (-0, -0.707107, 0, 0.707107)
                          Scl: (0.999999, 1, 1)
                    Bone: hand_r
                      OffsetMatrix:
                        [0.738822, -0.611366, 0.283504, -12.0114]
                        [0.62241, 0.457766, -0.634867, 34.6845]
                        [0.258357, 0.645509, 0.718727, -109.974]
                        [0, 0, 0, 1]
                      BindPose (Relative):
                        Loc: (9.53669e-08, 0.27251, -7.72928e-08)
                        Rot: (-0.0205609, -0.557587, -0.00167834, 0.829862)
                        Scl: (1, 1, 1)
                      Bone: wrist_inner_r
                        OffsetMatrix:
                          [0.263552, 0.693621, 0.670396, -105.612]
                          [0.790865, 0.242555, -0.56187, 35.3091]
                          [-0.552333, 0.678275, -0.484635, 26.9671]
                          [0, 0, 0, 1]
                        BindPose (Relative):
                          Loc: (-0.000381772, -0.0070334, -0.0165868)
                          Rot: (-0.116103, -0.716319, -0.0807803, 0.683287)
                          Scl: (1, 1, 1)
                      Bone: wrist_outer_r
                        OffsetMatrix:
                          [-0.263552, -0.693621, -0.670396, 109.534]
                          [0.790865, 0.242555, -0.56187, 34.7372]
                          [0.552333, -0.678275, 0.484635, -27.1317]
                          [0, 0, 0, 1]
                        BindPose (Relative):
                          Loc: (0.00124028, 0.000198797, 0.0223871)
                          Rot: (0.0807803, 0.683287, -0.116103, 0.716319)
                          Scl: (1, 1, 1)
                      Bone: pinky_metacarpal_r
                        OffsetMatrix:
                          [0.95796, -0.078405, 0.27598, -39.5276]
                          [0.277141, 0.501659, -0.81947, 53.4954]
                          [-0.0741974, 0.861505, 0.502298, -93.883]
                          [0, 0, 0, 1]
                        BindPose (Relative):
                          Loc: (-0.0239129, 0.0331468, 0.00305936)
                          Rot: (-0.0582863, -0.218231, 0.188166, 0.955809)
                          Scl: (1, 1, 1)
                        Bone: pinky_01_r
                          OffsetMatrix:
                            [0.939053, -0.254866, 0.230697, -25.5092]
                            [0.297, 0.263541, -0.917789, 70.569]
                            [0.173115, 0.93037, 0.323175, -84.5244]
                            [0, 0, 0, 1]
                          BindPose (Relative):
                            Loc: (0.00198922, 0.049573, 0.00143263)
                            Rot: (-0.128065, 0.0899841, -0.0170159, 0.987529)
                            Scl: (1, 1, 1)
                          Bone: pinky_02_r
                            OffsetMatrix:
                              [0.939053, -0.254867, 0.230697, -25.5092]
                              [0.213889, -0.0922013, -0.972497, 92.8844]
                              [0.269128, 0.962571, -0.0320687, -54.5237]
                              [0, 0, 0, 1]
                            BindPose (Relative):
                              Loc: (3.40921e-07, 0.0381604, 2.83848e-07)
                              Rot: (-0.184698, 2.30442e-07, -1.53357e-07, 0.982795)
                              Scl: (1, 1, 1)
                            Bone: pinky_03_r
                              OffsetMatrix:
                                [0.939054, -0.254866, 0.230697, -25.5092]
                                [0.190034, -0.174367, -0.96617, 95.1835]
                                [0.28647, 0.951125, -0.115307, -46.5364]
                                [0, 0, 0, 1]
                              BindPose (Relative):
                                Loc: (-3.0648e-07, 0.0204, -1.74411e-07)
                                Rot: (-0.042896, -2.73242e-07, 1.17318e-08, 0.99908)
                                Scl: (1, 1, 1)
                      Bone: ring_metacarpal_r
                        OffsetMatrix:
                          [0.884562, -0.342153, 0.31699, -30.3954]
                          [0.464834, 0.590605, -0.659633, 29.8602]
                          [0.038479, 0.730834, 0.681471, -107.229]
                          [0, 0, 0, 1]
                        BindPose (Relative):
                          Loc: (-0.0109178, 0.0337421, 0.00542992)
                          Rot: (0.0256597, -0.116599, 0.100569, 0.987741)
                          Scl: (1, 1, 1)
                        Bone: ring_01_r
                          OffsetMatrix:
                            [0.850672, -0.442936, 0.283133, -20.9927]
                            [0.384208, 0.156238, -0.909931, 73.8379]
                            [0.358805, 0.882834, 0.303086, -84.4135]
                            [0, 0, 0, 1]
                          BindPose (Relative):
                            Loc: (0.000206739, 0.0564571, 0.000414446)
                            Rot: (-0.25354, 0.054216, -0.0131773, 0.965715)
                            Scl: (1, 1, 1)
                          Bone: ring_02_r
                            OffsetMatrix:
                              [0.850672, -0.442937, 0.283133, -20.9926]
                              [0.246752, -0.13914, -0.959037, 92.5554]
                              [0.464188, 0.885691, -0.00906675, -57.4539]
                              [0, 0, 0, 1]
                            BindPose (Relative):
                              Loc: (-2.50602e-07, 0.0497707, -2.03375e-07)
                              Rot: (-0.164737, 2.76834e-07, 8.74774e-08, 0.986337)
                              Scl: (1, 1, 1)
                            Bone: ring_03_r
                              OffsetMatrix:
                                [0.850672, -0.442936, 0.283133, -20.9927]
                                [0.169641, -0.27848, -0.945342, 98.2912]
                                [0.497573, 0.852206, -0.161755, -42.3339]
                                [0, 0, 0, 1]
                              BindPose (Relative):
                                Loc: (-1.11117e-07, 0.0226497, 4.90637e-07)
                                Rot: (-0.0799208, -1.76615e-07, -1.81794e-07, 0.996801)
                                Scl: (1, 1, 1)
                      Bone: middle_metacarpal_r
                        OffsetMatrix:
                          [0.755561, -0.561893, 0.336752, -20.436]
                          [0.630664, 0.484898, -0.605918, 26.8316]
                          [0.177171, 0.670186, 0.720737, -110.689]
                          [0, 0, 0, 1]
                        BindPose (Relative):
                          Loc: (0.00182806, 0.033758, 0.00754004)
                          Rot: (0.0202591, -0.0372911, 0.000385954, 0.999099)
                          Scl: (1, 1, 1)
                        Bone: middle_01_r
                          OffsetMatrix:
                            [0.755562, -0.561893, 0.336753, -20.4361]
                            [0.444548, 0.0622255, -0.893591, 75.6185]
                            [0.481148, 0.824866, 0.296804, -83.4485]
                            [0, 0, 0, 1]
                          BindPose (Relative):
                            Loc: (2.59823e-08, 0.0609837, -1.25871e-06)
                            Rot: (-0.272051, -2.88505e-07, -6.70841e-08, 0.962283)
                            Scl: (1, 1, 1)
                          Bone: middle_02_r
                            OffsetMatrix:
                              [0.755562, -0.561893, 0.336752, -20.436]
                              [0.245042, -0.234319, -0.94077, 95.4627]
                              [0.60752, 0.793329, -0.039355, -53.044]
                              [0, 0, 0, 1]
                            BindPose (Relative):
                              Loc: (-3.6051e-07, 0.0516899, -7.68498e-07)
                              Rot: (-0.180255, -8.40954e-08, 2.26578e-07, 0.98362)
                              Scl: (1, 1, 1)
                            Bone: middle_03_r
                              OffsetMatrix:
                                [0.755561, -0.561893, 0.336753, -20.4361]
                                [0.135825, -0.368519, -0.919643, 100.787]
                                [0.640842, 0.740587, -0.20212, -36.0909]
                                [0, 0, 0, 1]
                              BindPose (Relative):
                                Loc: (3.52183e-07, 0.0247405, 4.56605e-07)
                                Rot: (-0.0871558, 3.11849e-07, -3.49185e-07, 0.996195)
                                Scl: (1, 1, 1)
                      Bone: index_metacarpal_r
                        OffsetMatrix:
                          [0.637573, -0.701256, 0.318969, -11.7299]
                          [0.71421, 0.382825, -0.58596, 27.9904]
                          [0.288799, 0.601403, 0.744922, -111.539]
                          [0, 0, 0, 1]
                        BindPose (Relative):
                          Loc: (0.0237931, 0.0344452, 0.00385167)
                          Rot: (0.00710932, 0.0289659, -0.0637046, 0.997523)
                          Scl: (1, 1, 1)
                        Bone: index_01_r
                          OffsetMatrix:
                            [0.637572, -0.701257, 0.318969, -11.4889]
                            [0.541033, 0.112825, -0.833399, 64.5307]
                            [0.548438, 0.703924, 0.451337, -93.5742]
                            [0, 0, 0, 1]
                          BindPose (Relative):
                            Loc: (-0.00240948, 0.0587721, -0.000434109)
                            Rot: (-0.202556, 2.23147e-07, -4.89261e-07, 0.979271)
                            Scl: (1, 1, 1)
                          Bone: index_02_r
                            OffsetMatrix:
                              [0.637573, -0.701256, 0.318968, -11.4889]
                              [0.381906, -0.0718785, -0.921401, 82.4695]
                              [0.669065, 0.709276, 0.221986, -74.8947]
                              [0, 0, 0, 1]
                            BindPose (Relative):
                              Loc: (3.0563e-07, 0.0407993, 4.32362e-08)
                              Rot: (-0.129597, -2.26819e-07, 3.2548e-07, 0.991567)
                              Scl: (1, 1, 1)
                            Bone: index_03_r
                              OffsetMatrix:
                                [0.637572, -0.701256, 0.318969, -11.4889]
                                [0.227831, -0.223884, -0.947612, 94.2073]
                                [0.735931, 0.676842, 0.0170258, -55.8046]
                                [0, 0, 0, 1]
                              BindPose (Relative):
                                Loc: (-2.8394e-08, 0.0259508, 4.00702e-07)
                                Rot: (-0.109009, 2.43146e-07, -2.88267e-07, 0.994041)
                                Scl: (1, 1, 1)
                      Bone: thumb_01_r
                        OffsetMatrix:
                          [-0.370269, -0.903184, -0.217165, 70.9585]
                          [0.851722, -0.236777, -0.467446, 43.3194]
                          [0.37077, -0.358045, 0.856933, -78.5345]
                          [0, 0, 0, 1]
                        BindPose (Relative):
                          Loc: (0.0258133, 0.0199283, -0.0135666)
                          Rot: (0.067039, 0.505193, -0.36913, 0.777193)
                          Scl: (1, 1, 1)
                        Bone: thumb_02_r
                          OffsetMatrix:
                            [-0.389625, -0.877508, -0.279593, 76.5283]
                            [0.648367, -0.045745, -0.759953, 64.3459]
                            [0.654075, -0.477375, 0.58677, -52.1761]
                            [0, 0, 0, 1]
                          BindPose (Relative):
                            Loc: (-1.35534e-06, 0.0437783, 4.30147e-06)
                            Rot: (-0.201856, 0.0335654, 0.0103023, 0.978786)
                            Scl: (1, 1, 1)
                          Bone: thumb_03_r
                            OffsetMatrix:
                              [-0.389624, -0.877509, -0.279593, 76.5282]
                              [0.524937, 0.0378452, -0.8503, 69.3895]
                              [0.756726, -0.478066, 0.445891, -40.7458]
                              [0, 0, 0, 1]
                            BindPose (Relative):
                              Loc: (4.53532e-07, 0.0308595, -1.40515e-07)
                              Rot: (-0.0871557, -9.03502e-08, 7.90461e-09, 0.996195)
                              Scl: (1, 1, 1)
                      Bone: weapon_r
                        OffsetMatrix:
                          [0, 0, 0, 0]
                          [0, 0, 0, 0]
                          [0, 0, 0, 0]
                          [0, 0, 0, 0]
                        BindPose (Relative):
                          Loc: (-0.00519518, 0.0116338, -0.0131705)
                          Rot: (-0.0592942, -0.0898118, 0.143877, 0.983726)
                          Scl: (1, 0.999999, 1)
                  Bone: upperarm_twist_01_r
                    OffsetMatrix:
                      [0.0573954, -0.794548, -0.604481, 101.697]
                      [0.0269656, 0.606493, -0.794632, 93.385]
                      [0.997988, 0.029308, 0.0562354, -6.02671]
                      [0, 0, 0, 1]
                    BindPose (Relative):
                      Loc: (-9.98921e-07, 0.0925689, 1.06081e-07)
                      Rot: (0.00284968, -5.35845e-05, 0.0187902, 0.999819)
                      Scl: (1, 1, 1)
                    Bone: upperarm_twistCor_01_r
                      OffsetMatrix:
                        [0, 0, 0, 0]
                        [0, 0, 0, 0]
                        [0, 0, 0, 0]
                        [0, 0, 0, 0]
                      BindPose (Relative):
                        Loc: (1.42109e-16, 1.42109e-15, -1.06581e-16)
                        Rot: (0.00284973, -5.3567e-05, 0.0187901, 0.999819)
                        Scl: (1, 1, 1)
                  Bone: upperarm_twist_02_r
                    OffsetMatrix:
                      [0.0563416, -0.816776, -0.574197, 98.1161]
                      [0.0234138, 0.576034, -0.817091, 87.9161]
                      [0.998137, 0.0325921, 0.0515785, -5.47288]
                      [0, 0, 0, 1]
                    BindPose (Relative):
                      Loc: (-1.99841e-06, 0.185138, 2.0218e-07)
                      Rot: (1.04083e-17, 2.42861e-17, -1.11022e-16, 1)
                      Scl: (1, 1, 1)
                    Bone: upperarm_tricep_r
                      OffsetMatrix:
                        [0, 0, 0, 0]
                        [0, 0, 0, 0]
                        [0, 0, 0, 0]
                        [0, 0, 0, 0]
                      BindPose (Relative):
                        Loc: (3.51444e-05, 0.0075752, -0.0487167)
                        Rot: (-0.00239134, -0.736975, 0.00808835, 0.675867)
                        Scl: (1, 1, 1)
                    Bone: upperarm_bicep_r
                      OffsetMatrix:
                        [-0.989771, -0.111362, -0.0891753, 16.9627]
                        [0.00786699, 0.581509, -0.813502, 86.5405]
                        [0.142449, -0.805882, -0.574685, 96.0603]
                        [0, 0, 0, 1]
                      BindPose (Relative):
                        Loc: (0.0159328, 0.00798478, 0.0444831)
                        Rot: (-0.00808835, 0.675867, -0.00239134, 0.736975)
                        Scl: (1, 1, 1)
                    Bone: upperarm_twistCor_02_r
                      OffsetMatrix:
                        [0.0598992, -0.746744, -0.662408, 107.377]
                        [0.0339352, 0.66474, -0.746304, 76.2131]
                        [0.997628, 0.022224, 0.0651583, -6.9107]
                        [0, 0, 0, 1]
                      BindPose (Relative):
                        Loc: (6.38695e-09, -7.78271e-08, 1.46511e-09)
                        Rot: (0.00854494, -0.000160613, 0.0563431, 0.998375)
                        Scl: (1, 1, 1)
                  Bone: upperarm_correctiveRoot_r
                    OffsetMatrix:
                      [0.0563417, -0.816776, -0.574197, 98.1159]
                      [0.0234138, 0.576034, -0.817091, 106.43]
                      [0.998137, 0.0325921, 0.0515785, -5.47287]
                      [0, 0, 0, 1]
                    BindPose (Relative):
                      Loc: (1.42109e-16, 5.68434e-16, 2.66454e-17)
                      Rot: (-3.46945e-18, 1.9082e-17, -2.22045e-16, 1)
                      Scl: (1, 1, 1)
                    Bone: upperarm_bck_r
                      OffsetMatrix:
                        [0.963689, -0.230469, -0.134862, 33.63]
                        [0.0234138, 0.576034, -0.817091, 104.83]
                        [0.265999, 0.784263, 0.560513, -92.8109]
                        [0, 0, 0, 1]
                      BindPose (Relative):
                        Loc: (-0.00576368, 0.0159958, -0.076377)
                        Rot: (5.44168e-17, -0.583106, 8.17646e-17, 0.812396)
                        Scl: (1, 1, 1)
                    Bone: upperarm_in_r
                      OffsetMatrix:
                        [-0.0550106, 0.11509, 0.991831, -136.818]
                        [-0.0263897, 0.992821, -0.116669, -3.15948]
                        [-0.998137, -0.0325921, -0.0515785, 6.019]
                        [0, 0, 0, 1]
                      BindPose (Relative):
                        Loc: (0.0455699, 0.0655114, 0.00546132)
                        Rot: (-0.408284, 0.912855, -3.09609e-08, 1.4392e-09)
                        Scl: (1, 1, 1)
                    Bone: upperarm_fwd_r
                      OffsetMatrix:
                        [-0.977436, -0.0246475, 0.20979, -23.0874]
                        [-0.184338, 0.58449, -0.790184, 100.343]
                        [-0.103144, -0.811027, -0.575845, 98.3245]
                        [0, 0, 0, 1]
                      BindPose (Relative):
                        Loc: (0.00873696, 0.0338798, 0.0851673)
                        Rot: (-0.0801009, 0.757051, -0.0676234, 0.644891)
                        Scl: (1, 0.999999, 1)
                    Bone: upperarm_out_r
                      OffsetMatrix:
                        [0.0563417, -0.816776, -0.574197, 104.109]
                        [0.0234138, 0.576034, -0.817091, 106.077]
                        [0.998137, 0.0325921, 0.0515785, -5.4287]
                        [0, 0, 0, 1]
                      BindPose (Relative):
                        Loc: (-0.0599352, 0.00353315, -0.000441671)
                        Rot: (6.93889e-18, 1.9082e-17, -5.55112e-17, 1)
                        Scl: (1, 1, 1)
                Bone: clavicle_out_r
                  OffsetMatrix:
                    [0.00816288, -0.0988557, -0.995068, 151.39]
                    [0.0287538, 0.994713, -0.0985845, 0.686667]
                    [0.999553, -0.0278073, 0.0109622, 0.617223]
                    [0, 0, 0, 1]
                  BindPose (Relative):
                    Loc: (-0.0631658, 0.120417, 0.00442302)
                    Rot: (0.0374711, -0.00258986, 0.0270612, 0.998928)
                    Scl: (1, 1, 1)
                Bone: clavicle_scap_r
                  OffsetMatrix:
                    [0.00816288, -0.0988557, -0.995068, 143.285]
                    [-0.0287538, -0.994713, 0.0985845, -3.55354]
                    [-0.999553, 0.0278073, -0.0109622, -8.49363]
                    [0, 0, 0, 1]
                  BindPose (Relative):
                    Loc: (0.0195708, 0.102145, -0.0756773)
                    Rot: (0.998928, 0.0270612, 0.00258986, -0.0374711)
                    Scl: (1, 1, 1)
              Bone: clavicle_pec_r
                OffsetMatrix:
                  [-0.00307584, -0.0761966, -0.997088, 133.778]
                  [-0.11692, 0.990282, -0.0753158, 1.66785]
                  [0.993136, 0.116348, -0.0119548, -9.40064]
                  [0, 0, 0, 1]
                BindPose (Relative):
                  Loc: (0.096355, 0.0923782, -0.079155)
                  Rot: (0.679296, 0.725483, 0.108504, -0.0214101)
                  Scl: (1, 1, 1)
              Bone: spine_04_latissimus_l
                OffsetMatrix:
                  [0, 0, 0, 0]
                  [0, 0, 0, 0]
                  [0, 0, 0, 0]
                  [0, 0, 0, 0]
                BindPose (Relative):
                  Loc: (-0.154435, 0.0996181, 0.0462629)
                  Rot: (-0.0192596, 0.167311, -0.757724, 0.630468)
                  Scl: (1, 1, 0.999999)
              Bone: spine_04_latissimus_r
                OffsetMatrix:
                  [0, 0, 0, 0]
                  [0, 0, 0, 0]
                  [0, 0, 0, 0]
                  [0, 0, 0, 0]
                BindPose (Relative):
                  Loc: (0.154547, 0.099671, 0.0462701)
                  Rot: (0.675083, 0.732042, 0.0470454, -0.0785197)
                  Scl: (1, 1, 1)
              Bone: clavicle_pec_l
                OffsetMatrix:
                  [0.00307499, -0.0761467, 0.997092, -133.707]
                  [0.116932, 0.990283, 0.0752662, -1.95359]
                  [-0.993136, 0.116361, 0.0119491, 9.13953]
                  [0, 0, 0, 1]
                BindPose (Relative):
                  Loc: (-0.093102, 0.0924289, -0.0768477)
                  Rot: (0.0214062, 0.108506, -0.725465, 0.679315)
                  Scl: (1, 1, 1)
    Bone: thigh_r
      OffsetMatrix:
        [-0.146299, 0.987779, 0.0537515, -14.5023]
        [-0.00127173, -0.0545238, 0.998511, -92.8573]
        [0.989239, 0.146013, 0.00923297, -4.84188]
        [0, 0, 0, 1]
      BindPose (Relative):
        Loc: (0.0996909, 0.0236573, -0.00119488)
        Rot: (0.996519, -0.029462, 0.072405, -0.0289695)
        Scl: (1, 1, 1)
      Bone: calf_r
        OffsetMatrix:
          [-0.146299, 0.987779, 0.0537516, -14.5023]
          [0.0850344, -0.0415779, 0.99551, -49.7497]
          [0.985579, 0.150213, -0.0779124, -0.503639]
          [0, 0, 0, 1]
        BindPose (Relative):
          Loc: (2.0213e-08, -0.433412, 9.4065e-09)
          Rot: (0.0436616, 3.98159e-08, 4.1275e-08, 0.999046)
          Scl: (1, 1, 1)
        Bone: foot_r
          OffsetMatrix:
            [-0.148111, 0.988971, 2.46203e-05, -14.0782]
            [0.0312118, 0.00464949, 0.999502, -8.26889]
            [0.988478, 0.148038, -0.0315562, -0.85204]
            [0, 0, 0, 1]
          BindPose (Relative):
            Loc: (-2.2828e-08, -0.42218, 2.19805e-08)
            Rot: (-0.0232393, -0.00066544, -0.0268771, 0.999368)
            Scl: (1, 1, 1)
          Bone: ball_r
            OffsetMatrix:
              [-0.148111, 0.988971, 2.45612e-05, -13.5393]
              [0.988478, 0.148038, -0.0315562, -16.0896]
              [-0.0312118, -0.00464954, -0.999502, 1.25945]
              [0, 0, 0, 1]
            BindPose (Relative):
              Loc: (-0.00538954, -0.0700944, 0.152376)
              Rot: (0.707107, -4.89478e-09, -4.89478e-09, 0.707107)
              Scl: (1, 1, 1)
          Bone: ankle_fwd_r
            OffsetMatrix:
              [-0.980857, -0.16101, 0.109522, 5.30643]
              [0.118225, -0.0454755, 0.991945, -9.99836]
              [-0.154732, 0.985904, 0.0636403, -14.2632]
              [0, 0, 0, 1]
            BindPose (Relative):
              Loc: (-0.00394777, 0.0216808, 0.0509737)
              Rot: (0.00550663, 0.710262, 0.0500491, 0.702134)
              Scl: (1, 1, 1)
          Bone: ankle_bck_r
            OffsetMatrix:
              [0.980857, 0.16101, -0.109522, 3.65728]
              [0.118225, -0.0454755, 0.991945, -7.56206]
              [0.154732, -0.985904, -0.0636403, 15.5627]
              [0, 0, 0, 1]
            BindPose (Relative):
              Loc: (0.00929149, 0.00526581, -0.0404184)
              Rot: (0.0500491, -0.702134, -0.00550663, 0.710262)
              Scl: (1, 1, 1)
        Bone: calf_twist_02_r
          OffsetMatrix:
            [-0.146394, 0.987999, 0.0492514, -14.3796]
            [0.0384686, -0.0440643, 0.998287, -35.6802]
            [0.988478, 0.148038, -0.0315562, -2.16037]
            [0, 0, 0, 1]
          BindPose (Relative):
            Loc: (0.000377277, -0.140727, 6.27237e-10)
            Rot: (-0.0232486, -9.27803e-05, -0.00225138, 0.999727)
            Scl: (1, 1, 1)
          Bone: calf_twistCor_02_r
            OffsetMatrix:
              [0, 0, 0, 0]
              [0, 0, 0, 0]
              [0, 0, 0, 0]
              [0, 0, 0, 0]
            BindPose (Relative):
              Loc: (8.88178e-17, 7.10543e-17, 0)
              Rot: (1.73472e-17, -1.44199e-17, 3.46945e-18, 1)
              Scl: (1, 1, 1)
        Bone: calf_twist_01_r
          OffsetMatrix:
            [-0.146394, 0.987999, 0.0492514, -14.4806]
            [0.0384686, -0.0440643, 0.998287, -21.6231]
            [0.988478, 0.148038, -0.0315562, -1.5062]
            [0, 0, 0, 1]
          BindPose (Relative):
            Loc: (0.000754563, -0.281453, 1.26124e-08)
            Rot: (-0.0232486, -9.27803e-05, -0.00225138, 0.999727)
            Scl: (1, 1, 1)
        Bone: calf_correctiveRoot_r
          OffsetMatrix:
            [-0.146113, 0.987658, 0.0564238, -14.6356]
            [0.0854264, -0.044226, 0.995363, -49.7107]
            [0.985572, 0.150256, -0.0779099, -0.504275]
            [0, 0, 0, 1]
          BindPose (Relative):
            Loc: (-4.79616e-16, 7.10543e-17, 3.55271e-17)
            Rot: (-2.91439e-08, 2.17408e-05, 0.00134052, 0.999999)
            Scl: (1, 1, 1)
          Bone: calf_kneeBack_r
            OffsetMatrix:
              [0.973954, 0.189867, -0.123954, 7.11317]
              [0.13527, -0.0477978, 0.989655, -49.0766]
              [0.181978, -0.980645, -0.0722361, 15.0381]
              [0, 0, 0, 1]
            BindPose (Relative):
              Loc: (-0.00427618, -0.00155359, -0.0576342)
              Rot: (0.0215289, -0.69334, -0.0129976, 0.720172)
              Scl: (0.999999, 1, 1)
          Bone: calf_knee_r
            OffsetMatrix:
              [-0.973954, -0.189867, 0.123954, 3.89295]
              [0.13527, -0.0477978, 0.989655, -49.5771]
              [-0.181978, 0.980645, 0.0722361, -15.049]
              [0, 0, 0, 1]
            BindPose (Relative):
              Loc: (-1.62169e-05, -0.00189966, 0.0524578)
              Rot: (0.0129976, 0.720172, 0.0215289, 0.69334)
              Scl: (0.999999, 1, 1)
      Bone: thigh_twist_01_r
        OffsetMatrix:
          [-0.146394, 0.987999, 0.0492514, -14.1484]
          [0.0206383, -0.0467265, 0.998695, -78.5649]
          [0.989012, 0.147219, -0.0135502, -3.05172]
          [0, 0, 0, 1]
        BindPose (Relative):
          Loc: (6.91683e-09, -0.144471, 3.16628e-09)
          Rot: (0.0114081, 2.5772e-05, -0.0022531, 0.999932)
          Scl: (1, 0.999999, 0.999999)
        Bone: thigh_twistCor_01_r
          OffsetMatrix:
            [0, 0, 0, 0]
            [0, 0, 0, 0]
            [0, 0, 0, 0]
            [0, 0, 0, 0]
          BindPose (Relative):
            Loc: (1.77636e-16, -1.42109e-16, 2.66454e-17)
            Rot: (8.67361e-18, -1.80207e-12, 6.9389e-18, 1)
            Scl: (1, 1, 1)
      Bone: thigh_twist_02_r
        OffsetMatrix:
          [-0.146394, 0.987999, 0.0492514, -14.2135]
          [0.0206383, -0.0467265, 0.998695, -64.1217]
          [0.989012, 0.147219, -0.0135502, -3.38133]
          [0, 0, 0, 1]
        BindPose (Relative):
          Loc: (1.38337e-08, -0.288942, 6.33256e-09)
          Rot: (0.0114081, 2.5772e-05, -0.0022531, 0.999932)
          Scl: (1, 0.999999, 0.999999)
        Bone: thigh_twistCor_02_r
          OffsetMatrix:
            [0, 0, 0, 0]
            [0, 0, 0, 0]
            [0, 0, 0, 0]
            [0, 0, 0, 0]
          BindPose (Relative):
            Loc: (1.77636e-16, -2.84217e-16, 5.77316e-17)
            Rot: (6.07153e-18, -1.80203e-12, 1.04083e-17, 1)
            Scl: (1, 1, 1)
      Bone: thigh_correctiveRoot_r
        OffsetMatrix:
          [-0.146299, 0.987779, 0.0537515, -14.5023]
          [-0.00127173, -0.0545239, 0.998512, -92.8574]
          [0.98924, 0.146013, 0.00923297, -4.84188]
          [0, 0, 0, 1]
        BindPose (Relative):
          Loc: (-2.4869e-16, 7.10543e-16, 1.77636e-17)
          Rot: (3.17454e-16, -1.25117e-16, 5.89806e-17, 1)
          Scl: (1, 1, 1)
        Bone: thigh_fwd_r
          OffsetMatrix:
            [-0.98924, -0.146013, -0.00923298, 11.6166]
            [-0.00127173, -0.0545239, 0.998512, -97.0983]
            [-0.146299, 0.987779, 0.0537515, -13.7472]
            [0, 0, 0, 1]
          BindPose (Relative):
            Loc: (-0.00755098, 0.0424092, 0.0677474)
            Rot: (2.45327e-18, 0.707107, -2.45327e-18, 0.707107)
            Scl: (1, 1, 1)
        Bone: thigh_bck_r
          OffsetMatrix:
            [0.98924, 0.146013, 0.00923298, 5.22039]
            [-0.00127173, -0.0545239, 0.998512, -97.8949]
            [0.146299, -0.987779, -0.0537515, 12.9831]
            [0, 0, 0, 1]
          BindPose (Relative):
            Loc: (-0.0151917, 0.050375, -0.100623)
            Rot: (-2.45327e-18, -0.707107, -2.45327e-18, 0.707107)
            Scl: (1, 1, 1)
        Bone: thigh_out_r
          OffsetMatrix:
            [0.146299, -0.987779, -0.0537515, 19.6125]
            [-0.00127173, -0.0545239, 0.998512, -98.674]
            [-0.98924, -0.146013, -0.00923297, 4.24126]
            [0, 0, 0, 1]
          BindPose (Relative):
            Loc: (0.0511018, 0.0581661, -0.00600622)
            Rot: (6.12323e-17, 1, -6.12323e-17, 7.99599e-17)
            Scl: (1, 1, 1)
        Bone: thigh_in_r
          OffsetMatrix:
            [-0.146299, 0.987779, 0.0537515, -5.92442]
            [-0.00127173, -0.0545239, 0.998512, -81.929]
            [0.98924, 0.146013, 0.00923297, -5.60775]
            [0, 0, 0, 1]
          BindPose (Relative):
            Loc: (-0.0857787, -0.109283, 0.00765867)
            Rot: (-1.73472e-18, -2.44488e-17, -4.24118e-35, 1)
            Scl: (1, 1, 1)
        Bone: thigh_bck_lwr_r
          OffsetMatrix:
            [0.98924, 0.146013, 0.00923298, 5.80661]
            [-0.00127173, -0.0545239, 0.998512, -87.5812]
            [0.146299, -0.987779, -0.0537515, 13.0031]
            [0, 0, 0, 1]
          BindPose (Relative):
            Loc: (-0.0149922, -0.0527616, -0.106485)
            Rot: (-2.45327e-18, -0.707107, -2.45327e-18, 0.707107)
            Scl: (1, 1, 1)
        Bone: thigh_fwd_lwr_r
          OffsetMatrix:
            [-0.98924, -0.146013, -0.00923298, 11.7415]
            [-0.00127173, -0.0545239, 0.998512, -91.8293]
            [-0.146299, 0.987779, 0.0537515, -13.778]
            [0, 0, 0, 1]
          BindPose (Relative):
            Loc: (-0.00724304, -0.0102803, 0.0689966)
            Rot: (2.45327e-18, 0.707107, -2.45327e-18, 0.707107)
            Scl: (1, 1, 1)
    Bone: thigh_l
      OffsetMatrix:
        [0.146299, 0.987779, -0.0537515, 14.5037]
        [0.00127173, -0.0545239, -0.998512, 92.8568]
        [-0.98924, 0.146013, -0.00923297, 4.83257]
        [0, 0, 0, 1]
      BindPose (Relative):
        Loc: (-0.099692, 0.0236571, -0.00110044)
        Rot: (0.0289695, 0.072405, 0.029462, 0.996519)
        Scl: (1, 1, 1)
      Bone: calf_l
        OffsetMatrix:
          [0, 0, 0, 0]
          [0, 0, 0, 0]
          [0, 0, 0, 0]
          [0, 0, 0, 0]
        BindPose (Relative):
          Loc: (-1.57804e-08, 0.433413, -8.17192e-09)
          Rot: (0.0436616, 3.98159e-08, 4.1275e-08, 0.999046)
          Scl: (1, 1, 1)
        Bone: foot_l
          OffsetMatrix:
            [0.148111, 0.988971, -2.46203e-05, 14.0798]
            [-0.0312118, 0.00464949, -0.999502, 8.268]
            [-0.988478, 0.148038, 0.0315562, 0.842761]
            [0, 0, 0, 1]
          BindPose (Relative):
            Loc: (2.8697e-08, 0.422179, -2.20534e-08)
            Rot: (-0.0232393, -0.00066544, -0.0268771, 0.999368)
            Scl: (1, 1, 1)
          Bone: ball_l
            OffsetMatrix:
              [0.148111, 0.988971, -2.45688e-05, 13.5409]
              [-0.988478, 0.148038, 0.0315562, 16.0803]
              [0.0312118, -0.00464953, 0.999502, -1.25856]
              [0, 0, 0, 1]
            BindPose (Relative):
              Loc: (0.00538895, 0.0700944, -0.152376)
              Rot: (0.707107, -2.21158e-09, -2.21158e-09, 0.707107)
              Scl: (1, 1, 1)
          Bone: ankle_bck_l
            OffsetMatrix:
              [-0.993771, 0.0219346, 0.109263, -5.09468]
              [-0.110357, -0.0571889, -0.992246, 7.59341]
              [-0.0155159, -0.998123, 0.0592533, -14.6413]
              [0, 0, 0, 1]
            BindPose (Relative):
              Loc: (-0.00492498, -0.00612708, 0.0344373)
              Rot: (0.0503115, -0.750164, -0.00197547, 0.659333)
              Scl: (1, 1, 0.999999)
          Bone: ankle_fwd_l
            OffsetMatrix:
              [0.993771, -0.0219346, -0.109263, -2.79298]
              [-0.110357, -0.0571889, -0.992246, 9.32832]
              [0.0155159, 0.998123, -0.0592533, 15.5392]
              [0, 0, 0, 1]
            BindPose (Relative):
              Loc: (-0.00264595, -0.017798, -0.0459476)
              Rot: (0.00197547, 0.659333, 0.0503115, 0.750164)
              Scl: (1, 1, 0.999999)
        Bone: calf_twist_02_l
          OffsetMatrix:
            [0.146394, 0.987999, -0.0492514, 14.3433]
            [-0.0384686, -0.0440643, -0.998287, 35.6791]
            [-0.988478, 0.148038, 0.0315562, 2.15109]
            [0, 0, 0, 1]
          BindPose (Relative):
            Loc: (9.43635e-09, 0.140726, -4.58529e-09)
            Rot: (-0.0232486, -9.27803e-05, -0.00225138, 0.999727)
            Scl: (1, 1, 1)
          Bone: calf_twistCor_02_l
            OffsetMatrix:
              [0, 0, 0, 0]
              [0, 0, 0, 0]
              [0, 0, 0, 0]
              [0, 0, 0, 0]
            BindPose (Relative):
              Loc: (-1.24345e-16, 1.42109e-16, -3.9968e-17)
              Rot: (6.9389e-18, -3.13335e-17, 1.04083e-17, 1)
              Scl: (1, 1, 1)
        Bone: calf_twist_01_l
          OffsetMatrix:
            [0.146394, 0.987999, -0.0492514, 14.482]
            [-0.0384686, -0.0440643, -0.998287, 21.6221]
            [-0.988478, 0.148038, 0.0315562, 1.49692]
            [0, 0, 0, 1]
          BindPose (Relative):
            Loc: (-0.000754458, 0.281453, 3.31888e-08)
            Rot: (-0.0232486, -9.27803e-05, -0.00225138, 0.999727)
            Scl: (1, 1, 1)
        Bone: calf_correctiveRoot_l
          OffsetMatrix:
            [0, 0, 0, 0]
            [0, 0, 0, 0]
            [0, 0, 0, 0]
            [0, 0, 0, 0]
          BindPose (Relative):
            Loc: (-1.1707e-07, 4.139e-09, -2.78813e-08)
            Rot: (-2.91439e-08, 2.17408e-05, 0.00134052, 0.999999)
            Scl: (1, 1, 1)
          Bone: calf_kneeBack_l
            OffsetMatrix:
              [-0.973956, 0.189867, 0.123937, -7.11548]
              [-0.135257, -0.0478176, -0.989656, 49.0713]
              [-0.181977, -0.980644, 0.072253, -15.0641]
              [0, 0, 0, 1]
            BindPose (Relative):
              Loc: (0.00403993, 0.00158563, 0.0575853)
              Rot: (0.0215293, -0.69334, -0.0129857, 0.720172)
              Scl: (0.999999, 1, 1)
          Bone: calf_knee_l
            OffsetMatrix:
              [0.973956, -0.189867, -0.123937, -3.88841]
              [-0.135257, -0.0478176, -0.989656, 49.5721]
              [0.181977, 0.980644, -0.072253, 15.0542]
              [0, 0, 0, 1]
            BindPose (Relative):
              Loc: (-1.14066e-05, 0.00192807, -0.0524924)
              Rot: (0.0129857, 0.720172, 0.0215293, 0.69334)
              Scl: (0.999999, 1, 1)
      Bone: thigh_twist_01_l
        OffsetMatrix:
          [0.146394, 0.987999, -0.0492514, 14.1498]
          [-0.0206383, -0.0467265, -0.998695, 78.5642]
          [-0.989012, 0.147219, 0.0135502, 3.04242]
          [0, 0, 0, 1]
        BindPose (Relative):
          Loc: (-8.73189e-09, 0.144471, -3.24146e-09)
          Rot: (0.0114081, 2.5772e-05, -0.0022531, 0.999932)
          Scl: (1, 0.999999, 0.999999)
        Bone: thigh_twistCor_01_l
          OffsetMatrix:
            [0.146394, 0.988, -0.0492514, 14.1498]
            [-0.0206383, -0.0467265, -0.998694, 78.5641]
            [-0.989011, 0.147219, 0.0135502, 3.04242]
            [0, 0, 0, 1]
          BindPose (Relative):
            Loc: (3.55271e-17, 1.42109e-16, -4.44089e-18)
            Rot: (-8.67361e-19, -1.80197e-12, -6.9389e-18, 1)
            Scl: (1, 1, 1)
      Bone: thigh_twist_02_l
        OffsetMatrix:
          [0.146394, 0.987999, -0.0492514, 14.2149]
          [-0.0206383, -0.0467265, -0.998695, 64.121]
          [-0.989012, 0.147219, 0.0135502, 3.37203]
          [0, 0, 0, 1]
        BindPose (Relative):
          Loc: (-8.51453e-08, 0.288942, -2.65962e-08)
          Rot: (0.0114081, 2.5772e-05, -0.0022531, 0.999932)
          Scl: (1, 0.999999, 0.999999)
        Bone: thigh_twistCor_02_l
          OffsetMatrix:
            [0.146394, 0.988, -0.0492514, 14.2149]
            [-0.0206383, -0.0467265, -0.998694, 64.1209]
            [-0.989011, 0.147219, 0.0135502, 3.37203]
            [0, 0, 0, 1]
          BindPose (Relative):
            Loc: (1.24345e-16, 0, -8.88178e-17)
            Rot: (4.3368e-18, -1.80197e-12, -6.9389e-18, 1)
            Scl: (1, 1, 1)
      Bone: thigh_correctiveRoot_l
        OffsetMatrix:
          [0.146299, 0.987779, -0.0537515, 14.5037]
          [0.00127173, -0.0545239, -0.998512, 92.8568]
          [-0.98924, 0.146013, -0.00923297, 4.83257]
          [0, 0, 0, 1]
        BindPose (Relative):
          Loc: (-1.24345e-16, 1.42109e-16, 8.88178e-18)
          Rot: (-9.54098e-18, -3.27429e-17, 6.93889e-18, 1)
          Scl: (1, 1, 1)
        Bone: thigh_bck_l
          OffsetMatrix:
            [-0.98924, 0.146013, -0.00923298, -5.22318]
            [0.00127173, -0.0545239, -0.998512, 97.8922]
            [-0.146299, -0.987779, 0.0537515, -13.0108]
            [0, 0, 0, 1]
          BindPose (Relative):
            Loc: (0.0149297, -0.0503546, 0.100557)
            Rot: (4.90654e-18, -0.707107, 4.90654e-18, 0.707107)
            Scl: (1, 1, 1)
        Bone: thigh_fwd_l
          OffsetMatrix:
            [0.98924, -0.146013, 0.00923298, -11.6057]
            [0.00127173, -0.0545239, -0.998512, 97.0863]
            [0.146299, 0.987779, -0.0537515, 13.7564]
            [0, 0, 0, 1]
          BindPose (Relative):
            Loc: (0.00747362, -0.0422955, -0.0677311)
            Rot: (-4.90654e-18, 0.707107, 4.90654e-18, 0.707107)
            Scl: (1, 1, 1)
        Bone: thigh_out_l
          OffsetMatrix:
            [-0.146299, -0.987779, 0.0537515, -19.6265]
            [0.00127173, -0.0545239, -0.998512, 98.6709]
            [0.98924, -0.146013, 0.00923297, -4.24613]
            [0, 0, 0, 1]
          BindPose (Relative):
            Loc: (-0.0512274, -0.058141, 0.00586435)
            Rot: (-6.12323e-17, 1, -6.12323e-17, -3.62124e-17)
            Scl: (1, 1, 1)
        Bone: thigh_bck_lwr_l
          OffsetMatrix:
            [-0.98924, 0.146013, -0.00923298, -5.65895]
            [0.00127173, -0.0545239, -0.998512, 87.5583]
            [-0.146299, -0.987779, 0.0537515, -13.2736]
            [0, 0, 0, 1]
          BindPose (Relative):
            Loc: (0.0123015, 0.0529847, 0.104915)
            Rot: (4.90654e-18, -0.707107, 4.90654e-18, 0.707107)
            Scl: (1, 1, 1)
        Bone: thigh_in_l
          OffsetMatrix:
            [0.146299, 0.987779, -0.0537515, 5.94856]
            [0.00127173, -0.0545239, -0.998512, 81.9879]
            [-0.98924, 0.146013, -0.00923297, 5.65926]
            [0, 0, 0, 1]
          BindPose (Relative):
            Loc: (0.0855519, 0.108688, -0.00826687)
            Rot: (-1.04083e-17, -1.9353e-17, 1.38778e-17, 1)
            Scl: (1, 1, 1)
        Bone: thigh_fwd_lwr_l
          OffsetMatrix:
            [0.98924, -0.146013, 0.00923298, -12.2204]
            [0.00127173, -0.0545239, -0.998512, 91.7359]
            [0.146299, 0.987779, -0.0537515, 13.8553]
            [0, 0, 0, 1]
          BindPose (Relative):
            Loc: (0.00648396, 0.0112091, -0.0738785)
            Rot: (-4.90654e-18, 0.707107, 4.90654e-18, 0.707107)
            Scl: (1, 1, 1)
  Bone: ik_foot_root
    OffsetMatrix:
      [0, 0, 0, 0]
      [0, 0, 0, 0]
      [0, 0, 0, 0]
      [0, 0, 0, 0]
    BindPose (Relative):
      Loc: (0, 0, 0)
      Rot: (0, 0, 0, 1)
      Scl: (1, 1, 1)
    Bone: ik_foot_l
      OffsetMatrix:
        [0, 0, 0, 0]
        [0, 0, 0, 0]
        [0, 0, 0, 0]
        [0, 0, 0, 0]
      BindPose (Relative):
        Loc: (0.0823764, -0.140877, 0.00994258)
        Rot: (-0.0413754, 0.0636314, 0.704247, 0.705887)
        Scl: (1, 1, 1)
    Bone: ik_foot_r
      OffsetMatrix:
        [0, 0, 0, 0]
        [0, 0, 0, 0]
        [0, 0, 0, 0]
        [0, 0, 0, 0]
      BindPose (Relative):
        Loc: (0.0823823, 0.140876, 0.00984835)
        Rot: (0.704247, 0.705887, 0.0413754, -0.0636314)
        Scl: (1, 1, 1)
  Bone: ik_hand_root
    OffsetMatrix:
      [0, 0, 0, 0]
      [0, 0, 0, 0]
      [0, 0, 0, 0]
      [0, 0, 0, 0]
    BindPose (Relative):
      Loc: (0, 0, 0)
      Rot: (0, 0, 0, 1)
      Scl: (1, 1, 1)
    Bone: ik_hand_gun
      OffsetMatrix:
        [0, 0, 0, 0]
        [0, 0, 0, 0]
        [0, 0, 0, 0]
        [0, 0, 0, 0]
      BindPose (Relative):
        Loc: (1.04466, 0.477683, -0.156988)
        Rot: (-0.5206, 0.59846, 0.00964945, 0.608875)
        Scl: (1, 1, 1)
      Bone: ik_hand_l
        OffsetMatrix:
          [0, 0, 0, 0]
          [0, 0, 0, 0]
          [0, 0, 0, 0]
          [0, 0, 0, 0]
        BindPose (Relative):
          Loc: (0.584081, -0.437336, -0.616699)
          Rot: (-0.611366, 0.457766, 0.645509, 6.57631e-08)
          Scl: (1, 1, 1)
      Bone: ik_hand_r
        OffsetMatrix:
          [0, 0, 0, 0]
          [0, 0, 0, 0]
          [0, 0, 0, 0]
          [0, 0, 0, 0]
        BindPose (Relative):
          Loc: (7.10543e-17, 0, 0)
          Rot: (-4.31408e-32, 1.94289e-16, 2.22045e-16, 1)
          Scl: (1, 1, 1)
  Bone: interaction
    OffsetMatrix:
      [0, 0, 0, 0]
      [0, 0, 0, 0]
      [0, 0, 0, 0]
      [0, 0, 0, 0]
    BindPose (Relative):
      Loc: (0, 0, 0)
      Rot: (0, 0, 0, 1)
      Scl: (1, 1, 1)
  Bone: center_of_mass
    OffsetMatrix:
      [0, 0, 0, 0]
      [0, 0, 0, 0]
      [0, 0, 0, 0]
      [0, 0, 0, 0]
    BindPose (Relative):
      Loc: (0, 0, 0)
      Rot: (0, 0, 0, 1)
      Scl: (1, 1, 1)

### FLESHES (Submeshes) ###
Total Fleshes: 21

Flesh [0]:
  StartIndex: 0
  IndexCount: 1554
  Material: Head
  Bones Count: 8
  Weights:
    [0] spine_05 : Weight=1
    [1] neck_01 : Weight=1
    [2] neck_02 : Weight=1
    [3] head : Weight=1
    [4] clavicle_l : Weight=1
    [5] clavicle_out_l : Weight=1
    [6] clavicle_r : Weight=1
    [7] clavicle_out_r : Weight=1

Flesh [1]:
  StartIndex: 1554
  IndexCount: 1410
  Material: Cloth
  Bones Count: 11
  Weights:
    [0] spine_03 : Weight=1
    [1] spine_04 : Weight=1
    [2] neck_01 : Weight=1
    [3] neck_02 : Weight=1
    [4] head : Weight=1
    [5] clavicle_l : Weight=1
    [6] clavicle_out_l : Weight=1
    [7] clavicle_r : Weight=1
    [8] clavicle_out_r : Weight=1
    [9] clavicle_pec_r : Weight=1
    [10] clavicle_pec_l : Weight=1

Flesh [2]:
  StartIndex: 2964
  IndexCount: 9900
  Material: LeatherA
  Bones Count: 54
  Weights:
    [0] pelvis : Weight=1
    [1] spine_01 : Weight=1
    [2] spine_02 : Weight=1
    [3] spine_03 : Weight=1
    [4] spine_04 : Weight=1
    [5] neck_01 : Weight=1
    [6] head : Weight=1
    [7] clavicle_l : Weight=1
    [8] upperarm_l : Weight=1
    [9] lowerarm_twist_02_l : Weight=1
    [10] lowerarm_twist_01_l : Weight=1
    [11] lowerarm_fwd_l : Weight=1
    [12] lowerarm_bck_l : Weight=1
    [13] wrist_inner_l : Weight=1
    [14] upperarm_twist_01_l : Weight=1
    [15] upperarm_twist_02_l : Weight=1
    [16] upperarm_bck_l : Weight=1
    [17] upperarm_fwd_l : Weight=1
    [18] upperarm_in_l : Weight=1
    [19] upperarm_out_l : Weight=1
    [20] clavicle_out_l : Weight=1
    [21] clavicle_scap_l : Weight=1
    [22] clavicle_r : Weight=1
    [23] upperarm_r : Weight=1
    [24] lowerarm_twist_02_r : Weight=1
    [25] lowerarm_twist_01_r : Weight=1
    [26] lowerarm_fwd_r : Weight=1
    [27] lowerarm_bck_r : Weight=1
    [28] wrist_inner_r : Weight=1
    [29] upperarm_twist_01_r : Weight=1
    [30] upperarm_twistCor_02_r : Weight=1
    [31] upperarm_bck_r : Weight=1
    [32] upperarm_in_r : Weight=1
    [33] upperarm_fwd_r : Weight=1
    [34] upperarm_out_r : Weight=1
    [35] clavicle_out_r : Weight=1
    [36] clavicle_scap_r : Weight=1
    [37] thigh_r : Weight=1
    [38] thigh_twist_01_r : Weight=1
    [39] thigh_fwd_r : Weight=1
    [40] thigh_bck_r : Weight=1
    [41] thigh_out_r : Weight=1
    [42] thigh_in_r : Weight=1
    [43] thigh_bck_lwr_r : Weight=1
    [44] thigh_fwd_lwr_r : Weight=1
    [45] thigh_l : Weight=1
    [46] thigh_twist_01_l : Weight=1
    [47] thigh_twistCor_01_l : Weight=1
    [48] thigh_bck_l : Weight=1
    [49] thigh_fwd_l : Weight=1
    [50] thigh_out_l : Weight=1
    [51] thigh_bck_lwr_l : Weight=1
    [52] thigh_in_l : Weight=1
    [53] thigh_fwd_lwr_l : Weight=1

Flesh [3]:
  StartIndex: 12864
  IndexCount: 1152
  Material: LeatherB
  Bones Count: 4
  Weights:
    [0] spine_01 : Weight=1
    [1] spine_02 : Weight=1
    [2] spine_03 : Weight=1
    [3] spine_04 : Weight=1

Flesh [4]:
  StartIndex: 14016
  IndexCount: 14856
  Material: LeatherB
  Bones Count: 51
  Weights:
    [0] lowerarm_twist_02_l : Weight=1
    [1] lowerarm_twist_01_l : Weight=1
    [2] lowerarm_fwd_l : Weight=1
    [3] lowerarm_bck_l : Weight=1
    [4] hand_l : Weight=1
    [5] wrist_inner_l : Weight=1
    [6] wrist_outer_l : Weight=1
    [7] index_metacarpal_l : Weight=1
    [8] index_01_l : Weight=1
    [9] index_02_l : Weight=1
    [10] index_03_l : Weight=1
    [11] middle_metacarpal_l : Weight=1
    [12] middle_01_l : Weight=1
    [13] middle_02_l : Weight=1
    [14] middle_03_l : Weight=1
    [15] thumb_01_l : Weight=1
    [16] thumb_02_l : Weight=1
    [17] thumb_03_l : Weight=1
    [18] pinky_metacarpal_l : Weight=1
    [19] pinky_01_l : Weight=1
    [20] pinky_02_l : Weight=1
    [21] pinky_03_l : Weight=1
    [22] ring_metacarpal_l : Weight=1
    [23] ring_01_l : Weight=1
    [24] ring_02_l : Weight=1
    [25] ring_03_l : Weight=1
    [26] lowerarm_twist_02_r : Weight=1
    [27] lowerarm_twist_01_r : Weight=1
    [28] lowerarm_fwd_r : Weight=1
    [29] hand_r : Weight=1
    [30] wrist_inner_r : Weight=1
    [31] wrist_outer_r : Weight=1
    [32] pinky_metacarpal_r : Weight=1
    [33] pinky_01_r : Weight=1
    [34] pinky_02_r : Weight=1
    [35] pinky_03_r : Weight=1
    [36] ring_metacarpal_r : Weight=1
    [37] ring_01_r : Weight=1
    [38] ring_02_r : Weight=1
    [39] ring_03_r : Weight=1
    [40] middle_metacarpal_r : Weight=1
    [41] middle_01_r : Weight=1
    [42] middle_02_r : Weight=1
    [43] middle_03_r : Weight=1
    [44] index_metacarpal_r : Weight=1
    [45] index_01_r : Weight=1
    [46] index_02_r : Weight=1
    [47] index_03_r : Weight=1
    [48] thumb_01_r : Weight=1
    [49] thumb_02_r : Weight=1
    [50] thumb_03_r : Weight=1

Flesh [5]:
  StartIndex: 28872
  IndexCount: 5526
  Material: Cloth
  Bones Count: 29
  Weights:
    [0] pelvis : Weight=1
    [1] spine_01 : Weight=1
    [2] spine_02 : Weight=1
    [3] spine_03 : Weight=1
    [4] calf_twist_02_r : Weight=1
    [5] calf_twist_01_r : Weight=1
    [6] calf_kneeBack_r : Weight=1
    [7] calf_knee_r : Weight=1
    [8] thigh_twist_01_r : Weight=1
    [9] thigh_twist_02_r : Weight=1
    [10] thigh_fwd_r : Weight=1
    [11] thigh_bck_r : Weight=1
    [12] thigh_out_r : Weight=1
    [13] thigh_in_r : Weight=1
    [14] thigh_bck_lwr_r : Weight=1
    [15] thigh_fwd_lwr_r : Weight=1
    [16] calf_twist_02_l : Weight=1
    [17] calf_twist_01_l : Weight=1
    [18] calf_kneeBack_l : Weight=1
    [19] calf_knee_l : Weight=1
    [20] thigh_twist_01_l : Weight=1
    [21] thigh_twist_02_l : Weight=1
    [22] thigh_twistCor_02_l : Weight=1
    [23] thigh_bck_l : Weight=1
    [24] thigh_fwd_l : Weight=1
    [25] thigh_out_l : Weight=1
    [26] thigh_bck_lwr_l : Weight=1
    [27] thigh_in_l : Weight=1
    [28] thigh_fwd_lwr_l : Weight=1

Flesh [6]:
  StartIndex: 34398
  IndexCount: 1368
  Material: LeatherB
  Bones Count: 9
  Weights:
    [0] calf_twist_02_r : Weight=1
    [1] calf_kneeBack_r : Weight=1
    [2] calf_knee_r : Weight=1
    [3] thigh_twist_02_r : Weight=1
    [4] thigh_l : Weight=1
    [5] calf_twist_02_l : Weight=1
    [6] calf_kneeBack_l : Weight=1
    [7] calf_knee_l : Weight=1
    [8] thigh_twist_02_l : Weight=1

Flesh [7]:
  StartIndex: 35766
  IndexCount: 1536
  Material: LeatherB
  Bones Count: 8
  Weights:
    [0] lowerarm_twist_02_l : Weight=1
    [1] lowerarm_fwd_l : Weight=1
    [2] lowerarm_bck_l : Weight=1
    [3] upperarm_twist_02_l : Weight=1
    [4] lowerarm_twist_02_r : Weight=1
    [5] lowerarm_fwd_r : Weight=1
    [6] lowerarm_bck_r : Weight=1
    [7] upperarm_twist_02_r : Weight=1

Flesh [8]:
  StartIndex: 37302
  IndexCount: 960
  Material: Metal
  Bones Count: 8
  Weights:
    [0] lowerarm_twist_02_l : Weight=1
    [1] lowerarm_fwd_l : Weight=1
    [2] lowerarm_bck_l : Weight=1
    [3] upperarm_twist_02_l : Weight=1
    [4] lowerarm_twist_02_r : Weight=1
    [5] lowerarm_fwd_r : Weight=1
    [6] lowerarm_bck_r : Weight=1
    [7] upperarm_twist_02_r : Weight=1

Flesh [9]:
  StartIndex: 38262
  IndexCount: 1752
  Material: Metal
  Bones Count: 16
  Weights:
    [0] foot_r : Weight=1
    [1] ball_r : Weight=1
    [2] ankle_fwd_r : Weight=1
    [3] ankle_bck_r : Weight=1
    [4] calf_twist_02_r : Weight=1
    [5] calf_twist_01_r : Weight=1
    [6] calf_correctiveRoot_r : Weight=1
    [7] calf_kneeBack_r : Weight=1
    [8] foot_l : Weight=1
    [9] ball_l : Weight=1
    [10] ankle_bck_l : Weight=1
    [11] ankle_fwd_l : Weight=1
    [12] calf_twist_02_l : Weight=1
    [13] calf_twist_01_l : Weight=1
    [14] calf_kneeBack_l : Weight=1
    [15] calf_knee_l : Weight=1

Flesh [10]:
  StartIndex: 40014
  IndexCount: 11700
  Material: LeatherB
  Bones Count: 16
  Weights:
    [0] foot_r : Weight=1
    [1] ball_r : Weight=1
    [2] ankle_fwd_r : Weight=1
    [3] ankle_bck_r : Weight=1
    [4] calf_twist_02_r : Weight=1
    [5] calf_twist_01_r : Weight=1
    [6] calf_correctiveRoot_r : Weight=1
    [7] calf_kneeBack_r : Weight=1
    [8] foot_l : Weight=1
    [9] ball_l : Weight=1
    [10] ankle_bck_l : Weight=1
    [11] ankle_fwd_l : Weight=1
    [12] calf_twist_02_l : Weight=1
    [13] calf_twist_01_l : Weight=1
    [14] calf_kneeBack_l : Weight=1
    [15] calf_knee_l : Weight=1

Flesh [11]:
  StartIndex: 51714
  IndexCount: 1578
  Material: LeatherB
  Bones Count: 12
  Weights:
    [0] pelvis : Weight=1
    [1] spine_01 : Weight=1
    [2] spine_02 : Weight=1
    [3] spine_03 : Weight=1
    [4] spine_04 : Weight=1
    [5] thigh_fwd_r : Weight=1
    [6] thigh_out_r : Weight=1
    [7] thigh_correctiveRoot_l : Weight=1
    [8] thigh_bck_l : Weight=1
    [9] thigh_fwd_l : Weight=1
    [10] thigh_out_l : Weight=1
    [11] thigh_fwd_lwr_l : Weight=1

Flesh [12]:
  StartIndex: 53292
  IndexCount: 390
  Material: Metal
  Bones Count: 12
  Weights:
    [0] pelvis : Weight=1
    [1] spine_01 : Weight=1
    [2] spine_02 : Weight=1
    [3] spine_03 : Weight=1
    [4] spine_04 : Weight=1
    [5] thigh_fwd_r : Weight=1
    [6] thigh_out_r : Weight=1
    [7] thigh_correctiveRoot_l : Weight=1
    [8] thigh_bck_l : Weight=1
    [9] thigh_fwd_l : Weight=1
    [10] thigh_out_l : Weight=1
    [11] thigh_fwd_lwr_l : Weight=1

Flesh [13]:
  StartIndex: 53682
  IndexCount: 942
  Material: LeatherB
  Bones Count: 14
  Weights:
    [0] spine_04 : Weight=1
    [1] neck_01 : Weight=1
    [2] neck_02 : Weight=1
    [3] clavicle_r : Weight=1
    [4] upperarm_r : Weight=1
    [5] upperarm_twist_01_r : Weight=1
    [6] upperarm_bicep_r : Weight=1
    [7] upperarm_twistCor_02_r : Weight=1
    [8] upperarm_bck_r : Weight=1
    [9] upperarm_in_r : Weight=1
    [10] upperarm_fwd_r : Weight=1
    [11] upperarm_out_r : Weight=1
    [12] clavicle_out_r : Weight=1
    [13] clavicle_scap_r : Weight=1

Flesh [14]:
  StartIndex: 54624
  IndexCount: 672
  Material: Metal
  Bones Count: 14
  Weights:
    [0] spine_04 : Weight=1
    [1] neck_01 : Weight=1
    [2] neck_02 : Weight=1
    [3] clavicle_r : Weight=1
    [4] upperarm_r : Weight=1
    [5] upperarm_twist_01_r : Weight=1
    [6] upperarm_bicep_r : Weight=1
    [7] upperarm_twistCor_02_r : Weight=1
    [8] upperarm_bck_r : Weight=1
    [9] upperarm_in_r : Weight=1
    [10] upperarm_fwd_r : Weight=1
    [11] upperarm_out_r : Weight=1
    [12] clavicle_out_r : Weight=1
    [13] clavicle_scap_r : Weight=1

Flesh [15]:
  StartIndex: 55296
  IndexCount: 1164
  Material: LeatherB
  Bones Count: 13
  Weights:
    [0] pelvis : Weight=1
    [1] spine_01 : Weight=1
    [2] spine_02 : Weight=1
    [3] thigh_fwd_r : Weight=1
    [4] thigh_bck_r : Weight=1
    [5] thigh_out_r : Weight=1
    [6] thigh_bck_lwr_r : Weight=1
    [7] thigh_fwd_lwr_r : Weight=1
    [8] thigh_bck_l : Weight=1
    [9] thigh_fwd_l : Weight=1
    [10] thigh_out_l : Weight=1
    [11] thigh_bck_lwr_l : Weight=1
    [12] thigh_fwd_lwr_l : Weight=1

Flesh [16]:
  StartIndex: 56460
  IndexCount: 390
  Material: Metal
  Bones Count: 13
  Weights:
    [0] pelvis : Weight=1
    [1] spine_01 : Weight=1
    [2] spine_02 : Weight=1
    [3] thigh_fwd_r : Weight=1
    [4] thigh_bck_r : Weight=1
    [5] thigh_out_r : Weight=1
    [6] thigh_bck_lwr_r : Weight=1
    [7] thigh_fwd_lwr_r : Weight=1
    [8] thigh_bck_l : Weight=1
    [9] thigh_fwd_l : Weight=1
    [10] thigh_out_l : Weight=1
    [11] thigh_bck_lwr_l : Weight=1
    [12] thigh_fwd_lwr_l : Weight=1

Flesh [17]:
  StartIndex: 56850
  IndexCount: 4752
  Material: Cloth
  Bones Count: 42
  Weights:
    [0] root : Weight=1
    [1] pelvis : Weight=1
    [2] spine_01 : Weight=1
    [3] spine_02 : Weight=1
    [4] spine_03 : Weight=1
    [5] spine_04 : Weight=1
    [6] neck_01 : Weight=1
    [7] neck_02 : Weight=1
    [8] clavicle_l : Weight=1
    [9] upperarm_l : Weight=1
    [10] lowerarm_correctiveRoot_l : Weight=1
    [11] lowerarm_in_l : Weight=1
    [12] lowerarm_bck_l : Weight=1
    [13] upperarm_twist_01_l : Weight=1
    [14] upperarm_twist_02_l : Weight=1
    [15] upperarm_bck_l : Weight=1
    [16] upperarm_fwd_l : Weight=1
    [17] upperarm_in_l : Weight=1
    [18] upperarm_out_l : Weight=1
    [19] clavicle_out_l : Weight=1
    [20] clavicle_scap_l : Weight=1
    [21] clavicle_r : Weight=1
    [22] upperarm_r : Weight=1
    [23] clavicle_scap_r : Weight=1
    [24] calf_r : Weight=1
    [25] calf_correctiveRoot_r : Weight=1
    [26] calf_kneeBack_r : Weight=1
    [27] thigh_correctiveRoot_r : Weight=1
    [28] thigh_bck_r : Weight=1
    [29] thigh_bck_lwr_r : Weight=1
    [30] thigh_l : Weight=1
    [31] calf_twist_02_l : Weight=1
    [32] calf_twist_01_l : Weight=1
    [33] calf_kneeBack_l : Weight=1
    [34] calf_knee_l : Weight=1
    [35] thigh_twist_01_l : Weight=1
    [36] thigh_twistCor_01_l : Weight=1
    [37] thigh_twist_02_l : Weight=1
    [38] thigh_correctiveRoot_l : Weight=1
    [39] thigh_bck_l : Weight=1
    [40] thigh_out_l : Weight=1
    [41] thigh_bck_lwr_l : Weight=1

Flesh [18]:
  StartIndex: 61602
  IndexCount: 1248
  Material: Metal
  Bones Count: 42
  Weights:
    [0] root : Weight=1
    [1] pelvis : Weight=1
    [2] spine_01 : Weight=1
    [3] spine_02 : Weight=1
    [4] spine_03 : Weight=1
    [5] spine_04 : Weight=1
    [6] neck_01 : Weight=1
    [7] neck_02 : Weight=1
    [8] clavicle_l : Weight=1
    [9] upperarm_l : Weight=1
    [10] lowerarm_correctiveRoot_l : Weight=1
    [11] lowerarm_in_l : Weight=1
    [12] lowerarm_bck_l : Weight=1
    [13] upperarm_twist_01_l : Weight=1
    [14] upperarm_twist_02_l : Weight=1
    [15] upperarm_bck_l : Weight=1
    [16] upperarm_fwd_l : Weight=1
    [17] upperarm_in_l : Weight=1
    [18] upperarm_out_l : Weight=1
    [19] clavicle_out_l : Weight=1
    [20] clavicle_scap_l : Weight=1
    [21] clavicle_r : Weight=1
    [22] upperarm_r : Weight=1
    [23] clavicle_scap_r : Weight=1
    [24] calf_r : Weight=1
    [25] calf_correctiveRoot_r : Weight=1
    [26] calf_kneeBack_r : Weight=1
    [27] thigh_correctiveRoot_r : Weight=1
    [28] thigh_bck_r : Weight=1
    [29] thigh_bck_lwr_r : Weight=1
    [30] thigh_l : Weight=1
    [31] calf_twist_02_l : Weight=1
    [32] calf_twist_01_l : Weight=1
    [33] calf_kneeBack_l : Weight=1
    [34] calf_knee_l : Weight=1
    [35] thigh_twist_01_l : Weight=1
    [36] thigh_twistCor_01_l : Weight=1
    [37] thigh_twist_02_l : Weight=1
    [38] thigh_correctiveRoot_l : Weight=1
    [39] thigh_bck_l : Weight=1
    [40] thigh_out_l : Weight=1
    [41] thigh_bck_lwr_l : Weight=1

Flesh [19]:
  StartIndex: 62850
  IndexCount: 456
  Material: LeatherB
  Bones Count: 42
  Weights:
    [0] root : Weight=1
    [1] pelvis : Weight=1
    [2] spine_01 : Weight=1
    [3] spine_02 : Weight=1
    [4] spine_03 : Weight=1
    [5] spine_04 : Weight=1
    [6] neck_01 : Weight=1
    [7] neck_02 : Weight=1
    [8] clavicle_l : Weight=1
    [9] upperarm_l : Weight=1
    [10] lowerarm_correctiveRoot_l : Weight=1
    [11] lowerarm_in_l : Weight=1
    [12] lowerarm_bck_l : Weight=1
    [13] upperarm_twist_01_l : Weight=1
    [14] upperarm_twist_02_l : Weight=1
    [15] upperarm_bck_l : Weight=1
    [16] upperarm_fwd_l : Weight=1
    [17] upperarm_in_l : Weight=1
    [18] upperarm_out_l : Weight=1
    [19] clavicle_out_l : Weight=1
    [20] clavicle_scap_l : Weight=1
    [21] clavicle_r : Weight=1
    [22] upperarm_r : Weight=1
    [23] clavicle_scap_r : Weight=1
    [24] calf_r : Weight=1
    [25] calf_correctiveRoot_r : Weight=1
    [26] calf_kneeBack_r : Weight=1
    [27] thigh_correctiveRoot_r : Weight=1
    [28] thigh_bck_r : Weight=1
    [29] thigh_bck_lwr_r : Weight=1
    [30] thigh_l : Weight=1
    [31] calf_twist_02_l : Weight=1
    [32] calf_twist_01_l : Weight=1
    [33] calf_kneeBack_l : Weight=1
    [34] calf_knee_l : Weight=1
    [35] thigh_twist_01_l : Weight=1
    [36] thigh_twistCor_01_l : Weight=1
    [37] thigh_twist_02_l : Weight=1
    [38] thigh_correctiveRoot_l : Weight=1
    [39] thigh_bck_l : Weight=1
    [40] thigh_out_l : Weight=1
    [41] thigh_bck_lwr_l : Weight=1

Flesh [20]:
  StartIndex: 63306
  IndexCount: 3144
  Material: LeatherA
  Bones Count: 16
  Weights:
    [0] spine_04 : Weight=1
    [1] neck_01 : Weight=1
    [2] neck_02 : Weight=1
    [3] head : Weight=1
    [4] clavicle_l : Weight=1
    [5] upperarm_correctiveRoot_l : Weight=1
    [6] upperarm_fwd_l : Weight=1
    [7] upperarm_out_l : Weight=1
    [8] clavicle_out_l : Weight=1
    [9] clavicle_scap_l : Weight=1
    [10] clavicle_r : Weight=1
    [11] upperarm_correctiveRoot_r : Weight=1
    [12] upperarm_fwd_r : Weight=1
    [13] upperarm_out_r : Weight=1
    [14] clavicle_out_r : Weight=1
    [15] clavicle_scap_r : Weight=1

### VERTICES (First 10) ###
Total Vertices: 66450

Vertex [0]: Pos=(0.113834, 0.0708355, 1.68213)
  BoneIndices=[3, 0, 0, 0]
  BoneWeights=[1, 0, 0, 0]
Vertex [1]: Pos=(0.135756, 0.0390695, 1.68184)
  BoneIndices=[3, 0, 0, 0]
  BoneWeights=[1, 0, 0, 0]
Vertex [2]: Pos=(0.134095, 0.0372527, 1.65667)
  BoneIndices=[3, 0, 0, 0]
  BoneWeights=[1, 0, 0, 0]
Vertex [3]: Pos=(0.113834, 0.0708355, 1.68213)
  BoneIndices=[3, 0, 0, 0]
  BoneWeights=[1, 0, 0, 0]
Vertex [4]: Pos=(0.134095, 0.0372527, 1.65667)
  BoneIndices=[3, 0, 0, 0]
  BoneWeights=[1, 0, 0, 0]
Vertex [5]: Pos=(0.113202, 0.0685128, 1.65805)
  BoneIndices=[3, 0, 0, 0]
  BoneWeights=[1, 0, 0, 0]
Vertex [6]: Pos=(-0.0396605, 0.0707109, 1.63897)
  BoneIndices=[0, 1, 2, 3]
  BoneWeights=[0.124067, 0.00402252, 0.0399891, 0.831921]
Vertex [7]: Pos=(-0.0465308, 0.0780547, 1.66502)
  BoneIndices=[0, 3, 0, 0]
  BoneWeights=[0.00539306, 0.994607, 0, 0]
Vertex [8]: Pos=(-0.0181256, 0.0884734, 1.66151)
  BoneIndices=[0, 3, 0, 0]
  BoneWeights=[0.00300335, 0.996997, 0, 0]
Vertex [9]: Pos=(-0.0396605, 0.0707109, 1.63897)
  BoneIndices=[0, 1, 2, 3]
  BoneWeights=[0.124067, 0.00402252, 0.0399891, 0.831921]

========================================
END OF DEBUG INFO
========================================
